FF 03 11 4D 65 74 61 6D 6F 72 70 68 6F 73 69 73 20 4F 6E 65
FF 02 0C 50 68 69 6C 69 70 20 47 6C 61 73 73
FF 01 01 20
FF 58 04 04 02 60 0C
FF 51 03 08 2C A2
B0 5B 78
C0 00
90 47 5B
90 43 5C
90 40 5A
B0 5B 78
C0 00
90 3B 5C
90 37 5A
90 34 58
B0 5B 78
C0 00
80 43 5C,0.513392583333
80 34 58,0.00558035416667
80 47 5B,0.00558035416667
80 40 5A
80 3B 5C
80 37 5A
90 40 5C,0.00558035416667
90 3B 5B
90 37 5C
90 34 5C
90 47 5A,0.00558035416667
90 43 5B
80 40 5C,1.56249916667
80 34 5C
80 47 5A,0.00558035416667
80 3B 5B,0.0111607083333
80 37 5C
90 47 5C,0.0223214166667
90 3E 5A
80 43 5B
90 3B 5C
90 37 5A
90 32 5C
90 43 5B,0.00558035416667
80 47 5C,0.513392583333
80 32 5C
80 3E 5A,0.0111607083333
80 43 5B
80 3B 5C
80 37 5A
90 47 58,0.00558035416667
90 43 5A
90 37 58
90 3E 5C,0.00558035416667
90 3B 5C
90 32 5C
80 47 58,1.56249916667
80 3E 5C,0.0223214166667
80 3B 5C
80 32 5C
80 37 58,0.0111607083333
90 47 5B,0.00558035416667
80 43 5A
90 3B 5B
90 30 5B
FF 51 03 08 2C A2,0.00558035416667
90 43 5C
90 3C 58
90 37 58
FF 51 03 08 3F 7C,0.1339285
FF 51 03 08 3F 7C,0.135135
FF 51 03 08 3F 7C,0.135135
80 47 5B,0.118243125
80 30 5B
80 43 5C,0.005630625
80 3B 5B
80 37 58
90 47 54,0.005630625
90 43 58
80 3C 58
90 3B 54
90 30 55
FF 51 03 08 3F 7C,0.005630625
90 3C 54
90 37 57
FF 51 03 08 3F 7C,0.135135
FF 51 03 08 52 AE,0.135135
FF 51 03 08 52 AE,0.1363635
FF 51 03 08 52 AE,0.1363635
FF 51 03 08 52 AE,0.1363635
FF 51 03 08 52 AE,0.1363635
FF 51 03 08 66 3A,0.1363635
FF 51 03 08 66 3A,0.1376145
FF 51 03 08 66 3A,0.1376145
FF 51 03 08 66 3A,0.1376145
FF 51 03 08 66 3A,0.1376145
80 43 58,0.091743
80 3B 54
80 3C 54,0.034403625
80 30 55
90 40 48,0.0057339375
90 3C 49
90 3A 48
90 34 4C
90 30 48
80 37 57
FF 51 03 08 7A 23,0.0057339375
90 46 48
80 47 54,0.01736109375
FF 51 03 08 7A 23,0.12152765625
FF 51 03 08 7A 23,0.13888875
80 34 4C,0.26041640625
80 30 48
80 40 48,0.00578703125
80 3C 49
80 46 48
80 3A 48
90 46 44,0.00578703125
90 40 44
90 3C 44
90 34 48
90 30 44
FF 51 03 08 7A 23,0.00578703125
90 3A 46
80 40 44,3.2523115625
80 34 48
80 30 44
80 3A 46,0.04050921875
80 46 44,0.0578703125
80 3C 44
FF 51 03 08 2C A2,0.53819390625
FF 51 03 08 2C A2
90 37 33
90 34 4F
FF 51 03 08 1A 1D,0.1339285
80 37 33,0.12721228125
FF 51 03 08 07 EB,0.00553096875
90 3B 31
FF 51 03 07 E4 79,0.13157875
90 37 36,0.123922322917
80 3B 31
FF 51 03 07 D3 34,0.00538792708333
80 37 36,0.24572625
90 3B 34,0.005341875
FF 51 03 07 A1 20,0.005341875
80 3B 34,0.234375
90 37 38,0.015625
90 3B 39,0.244791666667
80 37 38
80 3B 39,0.244791666667
90 37 3B,0.00520833333333
80 37 3B,0.244791666667
90 3B 3B,0.00520833333333
80 3B 3B,0.239583333333
90 37 3D,0.015625
80 37 3D,0.239583333333
90 3B 3C,0.00520833333333
80 3B 3C,0.244791666667
90 37 3C,0.0104166666667
80 37 3C,0.244791666667
90 3B 39,0.00520833333333
90 37 35,0.244791666667
80 3B 39
80 37 35,0.244791666667
90 3B 36,0.0104166666667
80 3B 36,0.239583333333
90 37 36,0.00520833333333
80 37 36,0.239583333333
90 3B 32,0.015625
80 34 4F,0.203125
90 28 45,0.0416666666667
90 37 31
80 3B 32
FF 51 03 07 A1 20,0.00520833333333
90 34 45
FF 51 03 07 B1 89,0.125
80 37 31,0.11029396875
90 3B 33,0.0105041875
FF 51 03 07 B1 89,0.00525209375
FF 51 03 07 B1 89,0.12605025
80 3B 33,0.1155460625
90 37 36,0.00525209375
FF 51 03 07 B1 89,0.00525209375
FF 51 03 07 C2 3A,0.12605025
80 37 36,0.116525291667
90 3B 37,0.00529660416667
FF 51 03 07 C2 3A,0.00529660416667
FF 51 03 07 C2 3A,0.1271185
80 3B 37,0.1112286875
90 37 39,0.0105932083333
FF 51 03 07 C2 3A,0.00529660416667
FF 51 03 07 D3 34,0.1271185
80 37 39,0.11752125
FF 51 03 07 D3 34,0.01068375
90 3B 36
FF 51 03 07 D3 34,0.128205
90 37 3A,0.122863125
80 3B 36
FF 51 03 07 D3 34,0.005341875
FF 51 03 07 E4 79,0.128205
80 37 3A,0.118534395833
FF 51 03 07 E4 79,0.0107758541667
90 3B 38
FF 51 03 07 E4 79,0.12931025
80 3B 38,0.123922322917
FF 51 03 07 E4 79,0.00538792708333
90 37 3A
FF 51 03 07 F6 0B,0.12931025
80 37 3A,0.1195651875
FF 51 03 07 F6 0B,0.0108695625
90 3B 3C
FF 51 03 07 F6 0B,0.13043475
90 37 37,0.12499996875
80 3B 3C
FF 51 03 07 F6 0B,0.00543478125
FF 51 03 08 07 EB,0.13043475
80 37 37,0.11513140625
FF 51 03 08 07 EB,0.01644734375
90 3B 35
FF 51 03 08 07 EB,0.13157875
80 3B 35,0.120613854167
FF 51 03 08 07 EB,0.0109648958333
90 37 35
FF 51 03 08 1A 1D,0.13157875
80 37 35,0.1216813125
90 3B 35,0.00553096875
FF 51 03 08 1A 1D,0.00553096875
FF 51 03 08 1A 1D,0.13274325
80 3B 35,0.11615034375
FF 51 03 08 1A 1D,0.01659290625
90 37 30
FF 51 03 08 2C A2,0.13274325
90 3B 2D,0.128348145833
80 37 30
FF 51 03 08 2C A2,0.00558035416667
80 28 45,0.212053458333
80 34 45,0.00558035416667
80 3B 2D,0.033482125
90 3B 59,0.0111607083333
90 37 58
90 34 58
FF 51 03 08 2C A2,0.00558035416667
FF 51 03 08 2C A2
90 47 59
90 43 59
90 40 5A
80 47 59,0.524553291667
80 40 5A
80 3B 59
80 37 58
80 34 58
90 40 5C,0.00558035416667
80 43 59
90 34 58
90 47 5C,0.00558035416667
90 43 5A
90 3B 58
90 37 59
80 34 58,1.56249916667
80 37 59,0.00558035416667
80 40 5C,0.0111607083333
80 47 5C,0.0167410625
80 3B 58
90 47 5A,0.00558035416667
80 43 5A
90 3B 5B
90 43 5C,0.00558035416667
90 3E 5B
90 37 5A
90 32 59
80 47 5A,0.5189729375
80 3E 5B,0.00558035416667
80 37 5A
80 32 59
90 47 58,0.00558035416667
80 43 5C
90 37 59
90 32 59
80 3B 5B
90 43 5A,0.00558035416667
90 3E 5C
90 3B 58
80 43 5A,1.56807952083
80 37 59,0.0111607083333
80 32 59
80 47 58,0.0167410625
90 47 5B,0.00558035416667
90 3C 59
90 37 5C
90 30 5A
80 3B 58
FF 51 03 08 2C A2,0.00558035416667
90 43 59
90 3B 5A
80 3E 5C,0.0223214166667
FF 51 03 08 3F 7C,0.111607083333
FF 51 03 08 3F 7C,0.135135
FF 51 03 08 3F 7C,0.135135
80 47 5B,0.1126125
80 30 5A
80 3C 59,0.005630625
80 43 59,0.005630625
80 3B 5A
90 43 58,0.005630625
90 3B 55
80 37 5C
FF 51 03 08 3F 7C,0.005630625
90 47 56
90 3C 54
90 37 55
90 30 58
FF 51 03 08 3F 7C,0.135135
FF 51 03 08 52 AE,0.135135
FF 51 03 08 52 AE,0.1363635
FF 51 03 08 52 AE,0.1363635
FF 51 03 08 52 AE,0.1363635
FF 51 03 08 52 AE,0.1363635
FF 51 03 08 66 3A,0.1363635
FF 51 03 08 66 3A,0.1376145
FF 51 03 08 66 3A,0.1376145
FF 51 03 08 66 3A,0.1376145
FF 51 03 08 66 3A,0.1376145
80 43 58,0.091743
80 3B 55
80 37 55,0.02293575
80 30 58,0.011467875
90 40 4A,0.0057339375
80 3C 54
90 30 4C
FF 51 03 08 7A 23,0.0057339375
90 46 48
90 3C 49
90 3A 4B
90 34 49
80 47 56,0.023148125
FF 51 03 08 7A 23,0.115740625
FF 51 03 08 7A 23,0.13888875
80 40 4A,0.254629375
80 46 48,0.00578703125
80 30 4C
80 3A 4B
80 3C 49,0.00578703125
90 46 46,0.00578703125
90 3C 48
90 3A 44
90 30 45
80 34 49
FF 51 03 08 7A 23,0.00578703125
90 40 48
90 34 44
80 3C 48,3.28703375
80 46 46,0.0347221875
80 40 48,0.0347221875
80 34 44
80 3A 44,0.02893515625
80 30 45
90 37 31,0.4976846875
FF 51 03 08 2C A2,0.00578703125
FF 51 03 08 2C A2
90 34 4F
FF 51 03 08 1A 1D,0.1339285
80 37 31,0.1216813125
FF 51 03 08 07 EB,0.0110619375
90 3B 34
FF 51 03 07 E4 79,0.13157875
80 3B 34,0.118534395833
90 37 33,0.00538792708333
FF 51 03 07 D3 34,0.00538792708333
80 37 33,0.24572625
90 3B 35,0.005341875
FF 51 03 07 A1 20,0.005341875
80 3B 35,0.239583333333
90 37 38,0.00520833333333
80 37 38,0.244791666667
90 3B 39,0.00520833333333
80 3B 39,0.244791666667
90 37 38,0.0104166666667
90 3B 38,0.244791666667
80 37 38
80 3B 38,0.244791666667
90 37 3C,0.00520833333333
80 37 3C,0.244791666667
90 3B 3A,0.0104166666667
80 3B 3A,0.244791666667
90 37 3B,0.00520833333333
90 3B 39,0.244791666667
80 37 3B
80 3B 39,0.239583333333
90 37 38,0.0104166666667
80 37 38,0.239583333333
90 3B 38,0.0104166666667
80 3B 38,0.239583333333
90 37 33,0.0104166666667
80 37 33,0.239583333333
90 3B 34,0.0104166666667
80 34 4F,0.208333333333
80 3B 34,0.0364583333333
90 34 48,0.00520833333333
90 37 31
FF 51 03 07 A1 20,0.00520833333333
90 28 48
FF 51 03 07 B1 89,0.125
80 37 31,0.1155460625
90 3B 33,0.00525209375
FF 51 03 07 B1 89,0.00525209375
FF 51 03 07 B1 89,0.12605025
80 3B 33,0.11029396875
FF 51 03 07 B1 89,0.01575628125
90 37 35
FF 51 03 07 C2 3A,0.12605025
80 37 35,0.116525291667
FF 51 03 07 C2 3A,0.0105932083333
90 3B 33
FF 51 03 07 C2 3A,0.1271185
80 3B 33,0.116525291667
FF 51 03 07 C2 3A,0.0105932083333
90 37 36
FF 51 03 07 D3 34,0.1271185
80 37 36,0.122863125
FF 51 03 07 D3 34,0.005341875
90 3B 3A
FF 51 03 07 D3 34,0.128205
80 3B 3A,0.11752125
90 37 3A,0.005341875
FF 51 03 07 D3 34,0.005341875
FF 51 03 07 E4 79,0.128205
80 37 3A,0.11314646875
FF 51 03 07 E4 79,0.01616378125
90 3B 38
FF 51 03 07 E4 79,0.12931025
80 3B 38,0.123922322917
FF 51 03 07 E4 79,0.00538792708333
90 37 3C
FF 51 03 07 F6 0B,0.12931025
80 37 3C,0.1195651875
90 3B 3C,0.00543478125
FF 51 03 07 F6 0B,0.00543478125
FF 51 03 07 F6 0B,0.13043475
80 3B 3C,0.11413040625
90 37 37,0.0108695625
FF 51 03 07 F6 0B,0.00543478125
FF 51 03 08 07 EB,0.13043475
80 37 37,0.120613854167
90 3B 35,0.00548244791667
FF 51 03 08 07 EB,0.00548244791667
FF 51 03 08 07 EB,0.13157875
80 3B 35,0.120613854167
FF 51 03 08 07 EB,0.0109648958333
90 37 36
FF 51 03 08 1A 1D,0.13157875
80 37 36,0.1216813125
90 3B 34,0.00553096875
FF 51 03 08 1A 1D,0.00553096875
FF 51 03 08 1A 1D,0.13274325
80 3B 34,0.1216813125
90 37 30,0.00553096875
FF 51 03 08 1A 1D,0.00553096875
FF 51 03 08 2C A2,0.13274325
80 37 30,0.1171874375
FF 51 03 08 2C A2,0.0167410625
90 3B 2D
80 34 48,0.256696291667
80 3B 2D
90 37 47,0.00558035416667
FF 51 03 08 2C A2,0.00558035416667
FF 51 03 07 A1 20
90 34 4E
80 28 48,0.0729166666667
80 37 47,0.166666666667
90 3B 47,0.00520833333333
80 3B 47,0.244791666667
90 37 4C,0.00520833333333
80 37 4C,0.244791666667
90 3B 4D,0.00520833333333
80 3B 4D,0.239583333333
90 56 70,0.0104166666667
90 4A 6E
90 37 50,0.00520833333333
80 37 50,0.239583333333
90 3B 53,0.0104166666667
80 56 70,0.229166666667
80 4A 6E,0.0104166666667
90 53 6F,0.00520833333333
90 47 70
90 37 57
80 3B 53
80 37 57,0.244791666667
90 3B 59,0.00520833333333
80 34 4E,0.229166666667
80 3B 59,0.015625
90 37 48,0.0104166666667
90 32 5A
80 37 48,0.244791666667
90 3B 48,0.00520833333333
80 53 6F,0.239583333333
80 47 70
80 3B 48
90 37 4B,0.0104166666667
80 37 4B,0.239583333333
90 3B 4E,0.0104166666667
80 3B 4E,0.244791666667
90 56 70,0.00520833333333
90 4A 70
90 37 50
80 37 50,0.239583333333
90 3B 54,0.0104166666667
80 56 70,0.234375
80 4A 70,0.00520833333333
90 47 69,0.00520833333333
80 3B 54
90 53 6A,0.00520833333333
90 37 54
80 37 54,0.239583333333
90 3B 58,0.0104166666667
80 32 5A,0.223958333333
90 37 51,0.0208333333333
80 3B 58
90 30 51
80 37 51,0.239583333333
90 3B 4E,0.0104166666667
80 47 69,0.223958333333
80 53 6A,0.00520833333333
80 3B 4E,0.015625
90 37 4A,0.0104166666667
80 37 4A,0.244791666667
90 3B 4B,0.00520833333333
80 3B 4B,0.239583333333
90 56 60,0.00520833333333
90 4A 5C
90 37 48
80 37 48,0.244791666667
90 3B 44,0.0104166666667
80 4A 5C,0.234375
80 56 60,0.00520833333333
90 47 58,0.00520833333333
90 37 43
80 3B 44
90 53 58,0.00520833333333
80 37 43,0.234375
90 3B 40,0.0104166666667
80 3B 40,0.244791666667
90 33 46,0.00520833333333
90 37 29,0.00520833333333
80 30 51,0.0260416666667
90 3A 2C,0.21875
80 37 29
80 47 58,0.244791666667
80 3A 2C
90 37 2C,0.00520833333333
80 53 58,0.015625
80 37 2C,0.229166666667
90 3A 2D,0.00520833333333
80 3A 2D,0.239583333333
90 52 52,0.0104166666667
90 46 4F
90 37 32
80 37 32,0.244791666667
90 3A 35,0.0104166666667
80 52 52,0.229166666667
80 46 4F
90 4F 51,0.015625
90 37 38
80 3A 35
90 43 50,0.00520833333333
80 37 38,0.239583333333
90 3A 3B,0.00520833333333
80 33 46,0.223958333333
80 3A 3B,0.0208333333333
90 37 34,0.0104166666667
90 34 50
90 3B 33,0.244791666667
80 37 34
80 4F 51,0.223958333333
80 3B 33,0.0208333333333
90 37 36,0.00520833333333
80 43 50,0.00520833333333
80 37 36,0.234375
90 3B 35,0.015625
80 3B 35,0.239583333333
90 37 39,0.00520833333333
80 37 39,0.244791666667
90 3B 37,0.0104166666667
80 3B 37,0.239583333333
90 37 38,0.00520833333333
80 37 38,0.244791666667
90 3B 39,0.0104166666667
80 3B 39,0.239583333333
90 37 3B,0.0104166666667
80 37 3B,0.244791666667
90 3B 3D,0.00520833333333
80 3B 3D,0.239583333333
90 37 3C,0.00520833333333
80 37 3C,0.239583333333
90 3B 3A,0.0104166666667
80 3B 3A,0.244791666667
90 37 37,0.00520833333333
80 37 37,0.239583333333
90 3B 36,0.0104166666667
80 3B 36,0.244791666667
90 37 36,0.00520833333333
80 37 36,0.244791666667
90 3B 36,0.0104166666667
90 37 33,0.244791666667
80 3B 36
FF 51 03 07 A1 20,0.00520833333333
90 34 4E
90 28 52
80 34 50,0.03125
FF 51 03 07 B1 89,0.09375
80 37 33,0.11029396875
90 3B 34,0.0105041875
FF 51 03 07 B1 89,0.00525209375
FF 51 03 07 B1 89,0.12605025
80 3B 34,0.11029396875
90 37 36,0.0105041875
FF 51 03 07 B1 89,0.00525209375
FF 51 03 07 C2 3A,0.12605025
80 37 36,0.116525291667
90 3B 37,0.00529660416667
FF 51 03 07 C2 3A,0.00529660416667
FF 51 03 07 C2 3A,0.1271185
80 3B 37,0.1112286875
FF 51 03 07 C2 3A,0.0158898125
90 37 37
FF 51 03 07 D3 34,0.1271185
90 3B 37,0.122863125
80 37 37
FF 51 03 07 D3 34,0.005341875
FF 51 03 07 D3 34,0.128205
80 3B 37,0.11752125
FF 51 03 07 D3 34,0.01068375
90 37 39
FF 51 03 07 E4 79,0.128205
80 37 39,0.118534395833
90 3B 38,0.00538792708333
FF 51 03 07 E4 79,0.00538792708333
FF 51 03 07 E4 79,0.12931025
80 3B 38,0.118534395833
90 37 3C,0.00538792708333
FF 51 03 07 E4 79,0.00538792708333
FF 51 03 07 F6 0B,0.12931025
80 37 3C,0.1195651875
FF 51 03 07 F6 0B,0.0108695625
90 3B 3C
FF 51 03 07 F6 0B,0.13043475
80 3B 3C,0.1195651875
FF 51 03 07 F6 0B,0.0108695625
90 37 3A
FF 51 03 08 07 EB,0.13043475
80 37 3A,0.126096302083
FF 51 03 08 07 EB,0.00548244791667
90 3B 39
FF 51 03 08 07 EB,0.13157875
90 37 33,0.126096302083
80 3B 39
FF 51 03 08 07 EB,0.00548244791667
FF 51 03 08 1A 1D,0.13157875
80 37 33,0.1216813125
90 3B 32,0.00553096875
FF 51 03 08 1A 1D,0.00553096875
FF 51 03 08 1A 1D,0.13274325
80 3B 32,0.1216813125
90 37 32,0.00553096875
FF 51 03 08 1A 1D,0.00553096875
FF 51 03 08 2C A2,0.13274325
80 37 32,0.122767791667
FF 51 03 08 2C A2,0.0111607083333
90 3B 2E
80 34 4E,0.2176338125
80 3B 2E,0.0390624791667
90 37 46,0.00558035416667
90 34 51
FF 51 03 08 2C A2,0.00558035416667
FF 51 03 07 A1 20
80 28 52,0.03125
80 37 46,0.208333333333
90 3B 4A,0.0104166666667
80 3B 4A,0.239583333333
90 37 4A,0.0104166666667
90 3B 4E,0.244791666667
80 37 4A
80 3B 4E,0.244791666667
90 37 51,0.00520833333333
90 56 6F,0.00520833333333
90 4A 6F
80 37 51,0.239583333333
90 3B 54,0.0104166666667
80 4A 6F,0.234375
80 3B 54,0.00520833333333
90 37 56,0.00520833333333
90 53 6D,0.00520833333333
90 47 6C
80 56 6F
80 37 56,0.234375
90 3B 56,0.015625
90 37 46,0.244791666667
80 3B 56
90 32 58,0.00520833333333
80 34 51,0.00520833333333
80 37 46,0.229166666667
90 3B 48,0.015625
80 47 6C,0.223958333333
80 3B 48,0.015625
80 53 6D,0.00520833333333
90 37 4B
80 37 4B,0.244791666667
90 3B 4D,0.0104166666667
90 56 6E,0.244791666667
80 3B 4D
90 4A 70,0.00520833333333
90 37 4E
80 37 4E,0.239583333333
90 3B 51,0.0104166666667
80 56 6E,0.239583333333
80 3B 51,0.00520833333333
90 53 6B,0.00520833333333
90 47 6C
80 4A 70
90 37 56
80 37 56,0.239583333333
90 3B 56,0.0104166666667
80 3B 56,0.239583333333
90 30 4E,0.00520833333333
90 37 51,0.00520833333333
80 32 58,0.03125
80 37 51,0.208333333333
90 3B 4F,0.0104166666667
80 53 6B,0.244791666667
80 47 6C
90 37 49
80 3B 4F
80 37 49,0.244791666667
90 3B 49,0.00520833333333
80 3B 49,0.244791666667
90 56 60,0.00520833333333
90 4A 5E
90 37 47,0.00520833333333
80 37 47,0.239583333333
90 3B 44,0.00520833333333
80 56 60,0.244791666667
80 4A 5E
80 3B 44
90 53 59,0.00520833333333
90 47 59
90 37 40,0.00520833333333
80 37 40,0.239583333333
90 3B 40,0.0104166666667
80 30 4E,0.239583333333
80 3B 40,0.00520833333333
90 33 45
90 37 26,0.00520833333333
90 3A 28,0.244791666667
80 37 26
80 53 59,0.223958333333
80 47 59,0.0104166666667
80 3A 28,0.00520833333333
90 37 2C,0.0104166666667
80 37 2C,0.244791666667
90 3A 2E,0.00520833333333
80 3A 2E,0.244791666667
90 46 51,0.00520833333333
90 52 4E,0.00520833333333
90 37 30
80 37 30,0.239583333333
90 3A 36,0.0104166666667
80 46 51,0.239583333333
80 52 4E,0.00520833333333
90 37 38
80 3A 36
90 4F 52,0.00520833333333
90 43 50
80 37 38,0.234375
90 3A 37,0.015625
80 33 45,0.197916666667
80 3A 37,0.0416666666667
90 34 50,0.00520833333333
90 37 30,0.00520833333333
80 37 30,0.239583333333
90 3B 33,0.00520833333333
80 3B 33,0.244791666667
90 37 32,0.00520833333333
80 4F 52,0.00520833333333
80 43 50
80 37 32,0.239583333333
90 3B 35,0.00520833333333
80 3B 35,0.239583333333
90 37 38,0.015625
90 3B 36,0.244791666667
80 37 38
80 3B 36,0.244791666667
90 37 3A,0.00520833333333
80 37 3A,0.244791666667
90 3B 3B,0.00520833333333
80 3B 3B,0.244791666667
90 37 3D,0.0104166666667
80 37 3D,0.239583333333
90 3B 39,0.00520833333333
80 3B 39,0.239583333333
90 37 3C,0.015625
80 37 3C,0.239583333333
90 3B 37,0.0104166666667
80 3B 37,0.244791666667
90 37 39,0.00520833333333
80 37 39,0.239583333333
90 3B 38,0.00520833333333
80 3B 38,0.244791666667
90 37 35,0.0104166666667
90 3B 32,0.244791666667
80 37 35
80 34 50,0.203125
80 3B 32,0.0416666666667
90 34 52,0.00520833333333
90 37 32
FF 51 03 07 A1 20,0.00520833333333
90 28 4E
FF 51 03 07 B1 89,0.125
80 37 32,0.1155460625
FF 51 03 07 B1 89,0.0105041875
90 3B 31
FF 51 03 07 B1 89,0.12605025
80 3B 31,0.12079815625
FF 51 03 07 B1 89,0.00525209375
90 37 32
FF 51 03 07 C2 3A,0.12605025
90 3B 33,0.121821895833
80 37 32
FF 51 03 07 C2 3A,0.00529660416667
FF 51 03 07 C2 3A,0.1271185
80 3B 33,0.116525291667
90 37 37,0.00529660416667
FF 51 03 07 C2 3A,0.00529660416667
FF 51 03 07 D3 34,0.1271185
80 37 37,0.11752125
FF 51 03 07 D3 34,0.01068375
90 3B 38
FF 51 03 07 D3 34,0.128205
90 37 38,0.122863125
80 3B 38
FF 51 03 07 D3 34,0.005341875
FF 51 03 07 E4 79,0.128205
80 37 38,0.11314646875
FF 51 03 07 E4 79,0.01616378125
90 3B 38
FF 51 03 07 E4 79,0.12931025
80 3B 38,0.123922322917
FF 51 03 07 E4 79,0.00538792708333
90 37 3E
FF 51 03 07 F6 0B,0.12931025
80 37 3E,0.12499996875
FF 51 03 07 F6 0B,0.00543478125
90 3B 3D
FF 51 03 07 F6 0B,0.13043475
80 3B 3D,0.1195651875
FF 51 03 07 F6 0B,0.0108695625
90 37 37
FF 51 03 08 07 EB,0.13043475
80 37 37,0.120613854167
FF 51 03 08 07 EB,0.0109648958333
90 3B 36
FF 51 03 08 07 EB,0.13157875
80 3B 36,0.120613854167
90 37 37,0.00548244791667
FF 51 03 08 07 EB,0.00548244791667
FF 51 03 08 1A 1D,0.13157875
80 37 37,0.1216813125
90 3B 34,0.00553096875
FF 51 03 08 1A 1D,0.00553096875
FF 51 03 08 1A 1D,0.13274325
80 3B 34,0.1216813125
FF 51 03 08 1A 1D,0.0110619375
90 37 2F
FF 51 03 08 2C A2,0.13274325
80 37 2F,0.122767791667
90 3B 30,0.00558035416667
FF 51 03 08 2C A2,0.00558035416667
80 28 4E,0.172990979167
80 34 52,0.0390624791667
80 3B 30,0.0446428333333
90 37 46,0.00558035416667
90 34 50
FF 51 03 08 2C A2,0.00558035416667
FF 51 03 07 A1 20
80 37 46,0.234375
90 3B 49,0.015625
80 3B 49,0.239583333333
90 37 4C,0.00520833333333
80 37 4C,0.244791666667
90 3B 4C,0.00520833333333
80 3B 4C,0.239583333333
90 4A 70,0.0104166666667
90 37 4F
90 56 6E,0.00520833333333
80 37 4F,0.239583333333
90 3B 54,0.0104166666667
80 56 6E,0.239583333333
80 3B 54
90 47 6C,0.00520833333333
80 4A 70
90 37 53
90 53 6C,0.00520833333333
80 37 53,0.239583333333
90 3B 56,0.0104166666667
80 3B 56,0.239583333333
80 34 50
90 37 47,0.00520833333333
90 32 5A,0.00520833333333
80 37 47,0.239583333333
90 3B 49,0.0104166666667
80 3B 49,0.239583333333
90 37 4A,0.00520833333333
80 53 6C,0.00520833333333
80 47 6C,0.00520833333333
80 37 4A,0.234375
90 3B 4F,0.0104166666667
90 56 6E,0.244791666667
90 4A 6F
90 37 4E
80 3B 4F
80 37 4E,0.244791666667
90 3B 53,0.0104166666667
80 4A 6F,0.234375
80 56 6E,0.00520833333333
80 3B 53,0.00520833333333
90 53 68,0.00520833333333
90 47 69
90 37 56
80 37 56,0.244791666667
90 3B 59,0.00520833333333
80 3B 59,0.239583333333
90 30 52,0.00520833333333
80 32 5A
90 37 52,0.00520833333333
90 3B 4D,0.244791666667
80 37 52
80 53 68,0.229166666667
80 3B 4D,0.015625
90 37 4B,0.0104166666667
80 47 69,0.0104166666667
80 37 4B,0.229166666667
90 3B 49,0.00520833333333
80 3B 49,0.239583333333
90 56 5C,0.0104166666667
90 4A 5D
90 37 45,0.00520833333333
80 37 45,0.244791666667
90 3B 44,0.00520833333333
80 56 5C,0.234375
80 4A 5D,0.00520833333333
90 53 59,0.00520833333333
90 37 42
80 3B 44
90 47 5C,0.00520833333333
80 37 42,0.239583333333
90 3B 3F,0.00520833333333
80 3B 3F,0.244791666667
90 37 28,0.00520833333333
90 33 47
80 30 52,0.0104166666667
80 37 28,0.234375
90 3A 28,0.00520833333333
80 3A 28,0.239583333333
90 37 2D,0.0104166666667
80 53 59,0.0104166666667
80 47 5C,0.00520833333333
80 37 2D,0.223958333333
90 3A 31,0.0104166666667
80 3A 31,0.244791666667
90 52 4E,0.00520833333333
90 46 4E
90 37 33
80 37 33,0.244791666667
90 3A 32,0.0104166666667
80 52 4E,0.239583333333
80 46 4E
80 3A 32
90 4F 50,0.00520833333333
90 43 52
90 37 36,0.00520833333333
90 3A 3A,0.244791666667
80 37 36
80 3A 3A,0.244791666667
90 37 31,0.0104166666667
90 34 4F
80 33 47,0.0260416666667
80 37 31,0.213541666667
90 3B 34,0.0104166666667
80 43 52,0.21875
80 3B 34,0.0208333333333
80 4F 50,0.00520833333333
90 37 35
80 37 35,0.244791666667
90 3B 34,0.0104166666667
80 3B 34,0.239583333333
90 37 39,0.0104166666667
80 37 39,0.244791666667
90 3B 39,0.00520833333333
80 3B 39,0.244791666667
90 37 3A,0.00520833333333
80 37 3A,0.244791666667
90 3B 3B,0.00520833333333
80 3B 3B,0.244791666667
90 37 3C,0.00520833333333
80 37 3C,0.244791666667
90 3B 39,0.00520833333333
80 3B 39,0.244791666667
90 37 3C,0.00520833333333
80 37 3C,0.239583333333
90 3B 3A,0.00520833333333
80 3B 3A,0.239583333333
90 37 39,0.015625
80 37 39,0.239583333333
90 3B 38,0.0104166666667
80 3B 38,0.244791666667
90 37 35,0.00520833333333
80 37 35,0.244791666667
90 3B 32,0.00520833333333
80 34 4F,0.161458333333
90 34 50,0.0833333333333
90 28 4F
80 3B 32
FF 51 03 07 A1 20,0.00520833333333
90 37 34
FF 51 03 07 B1 89,0.125
90 3B 31,0.12079815625
80 37 34
FF 51 03 07 B1 89,0.00525209375
FF 51 03 07 B1 89,0.12605025
80 3B 31,0.11029396875
FF 51 03 07 B1 89,0.01575628125
90 37 35
FF 51 03 07 C2 3A,0.12605025
80 37 35,0.116525291667
90 3B 35,0.00529660416667
FF 51 03 07 C2 3A,0.00529660416667
FF 51 03 07 C2 3A,0.1271185
80 3B 35,0.1112286875
90 37 36,0.0105932083333
FF 51 03 07 C2 3A,0.00529660416667
FF 51 03 07 D3 34,0.1271185
80 37 36,0.112179375
FF 51 03 07 D3 34,0.016025625
90 3B 38
FF 51 03 07 D3 34,0.128205
90 37 3A,0.122863125
80 3B 38
FF 51 03 07 D3 34,0.005341875
FF 51 03 07 E4 79,0.128205
80 37 3A,0.118534395833
FF 51 03 07 E4 79,0.0107758541667
90 3B 3C
FF 51 03 07 E4 79,0.12931025
80 3B 3C,0.123922322917
FF 51 03 07 E4 79,0.00538792708333
90 37 3C
FF 51 03 07 F6 0B,0.12931025
80 37 3C,0.1195651875
90 3B 3B,0.00543478125
FF 51 03 07 F6 0B,0.00543478125
FF 51 03 07 F6 0B,0.13043475
80 3B 3B,0.1195651875
90 37 38,0.00543478125
FF 51 03 07 F6 0B,0.00543478125
FF 51 03 08 07 EB,0.13043475
80 37 38,0.120613854167
90 3B 39,0.00548244791667
FF 51 03 08 07 EB,0.00548244791667
FF 51 03 08 07 EB,0.13157875
80 3B 39,0.11513140625
90 37 35,0.0109648958333
FF 51 03 08 07 EB,0.00548244791667
FF 51 03 08 1A 1D,0.13157875
80 37 35,0.1216813125
90 3B 33,0.00553096875
FF 51 03 08 1A 1D,0.00553096875
FF 51 03 08 1A 1D,0.13274325
80 3B 33,0.1216813125
FF 51 03 08 1A 1D,0.0110619375
90 37 32
FF 51 03 08 2C A2,0.13274325
90 3B 2F,0.128348145833
80 37 32
FF 51 03 08 2C A2,0.00558035416667
80 28 4F,0.256696291667
80 3B 2F
90 47 5C,0.00558035416667
90 43 59
FF 51 03 08 2C A2,0.00558035416667
FF 51 03 08 2C A2
90 40 5B
90 3B 5C
90 37 5A
90 34 5A
80 34 50,0.0279017708333
80 3B 5C,0.491071166667
80 47 5C,0.00558035416667
80 43 59
80 37 5A
80 34 5A
90 47 58,0.00558035416667
80 40 5B
90 37 5C
90 43 59,0.00558035416667
90 40 58
90 3B 59
90 34 5C
80 34 5C,1.58482058333
80 47 58,0.0111607083333
80 43 59
80 37 5C
80 3B 59
90 47 5A,0.00558035416667
90 43 5A
90 3E 5C
80 40 58
90 3B 5A
90 32 5C
90 37 59,0.00558035416667
80 43 5A,0.513392583333
80 47 5A,0.0111607083333
80 3E 5C
80 3B 5A
80 32 5C
80 37 59
90 43 59,0.00558035416667
90 3E 59
90 37 58
90 32 58
90 47 59,0.00558035416667
90 3B 5B
80 43 59,1.56249916667
80 3E 59
80 47 59,0.0223214166667
80 37 58,0.0111607083333
90 47 5B,0.00558035416667
90 43 5A
90 3C 5B
90 37 5B
80 3B 5B
FF 51 03 08 2C A2,0.00558035416667
90 3B 5A
90 30 5A
80 32 58
FF 51 03 08 3F 7C,0.1339285
FF 51 03 08 3F 7C,0.135135
FF 51 03 08 3F 7C,0.135135
80 47 5B,0.1126125
80 3C 5B
80 30 5A,0.005630625
80 43 5A,0.005630625
90 43 54,0.005630625
90 3C 56
90 30 56
80 37 5B
80 3B 5A
FF 51 03 08 3F 7C,0.005630625
90 47 58
90 3B 56
90 37 56
FF 51 03 08 3F 7C,0.135135
FF 51 03 08 52 AE,0.135135
FF 51 03 08 52 AE,0.1363635
FF 51 03 08 52 AE,0.1363635
FF 51 03 08 52 AE,0.1363635
FF 51 03 08 52 AE,0.1363635
FF 51 03 08 66 3A,0.1363635
FF 51 03 08 66 3A,0.1376145
FF 51 03 08 66 3A,0.1376145
FF 51 03 08 66 3A,0.1376145
FF 51 03 08 66 3A,0.1376145
80 37 56,0.0974769375
80 47 58,0.0172018125
80 30 56,0.011467875
90 46 49,0.0057339375
90 40 4A
80 3C 56
90 3A 4C
FF 51 03 08 7A 23,0.0057339375
90 3C 48
90 34 49
90 30 49
80 43 54,0.01736109375
80 3B 56,0.00578703125
FF 51 03 08 7A 23,0.115740625
FF 51 03 08 7A 23,0.13888875
80 40 4A,0.254629375
80 3A 4C
80 3C 48,0.00578703125
80 30 49
80 46 49,0.00578703125
90 46 45,0.00578703125
90 3A 45
80 34 49
FF 51 03 08 7A 23,0.00578703125
90 40 46
90 3C 45
90 34 48
90 30 48
80 40 46,3.25809859375
80 3A 45,0.02893515625
80 3C 45,0.069444375
80 46 45,0.02893515625
80 34 48,0.00578703125
80 30 48
90 37 32,0.49189765625
90 34 52
FF 51 03 08 2C A2,0.00578703125
FF 51 03 08 2C A2
FF 51 03 08 1A 1D,0.1339285
80 37 32,0.1216813125
90 3B 33,0.00553096875
FF 51 03 08 07 EB,0.00553096875
FF 51 03 07 E4 79,0.13157875
80 3B 33,0.11314646875
FF 51 03 07 D3 34,0.01616378125
90 37 34
90 3B 35,0.251068125
80 37 34
FF 51 03 07 A1 20,0.005341875
80 3B 35,0.239583333333
90 37 39,0.00520833333333
80 37 39,0.244791666667
90 3B 3A,0.00520833333333
80 3B 3A,0.244791666667
90 37 38,0.0104166666667
80 37 38,0.244791666667
90 3B 38,0.00520833333333
90 37 3B,0.244791666667
80 3B 38
80 37 3B,0.244791666667
90 3B 3C,0.00520833333333
80 3B 3C,0.244791666667
90 37 3A,0.00520833333333
80 37 3A,0.244791666667
90 3B 39,0.00520833333333
80 3B 39,0.244791666667
90 37 39,0.00520833333333
80 37 39,0.244791666667
90 3B 35,0.0104166666667
90 37 37,0.244791666667
80 3B 35
80 37 37,0.244791666667
90 3B 33,0.0104166666667
80 34 52,0.197916666667
90 28 47,0.046875
90 37 30
80 3B 33
FF 51 03 07 A1 20,0.00520833333333
90 34 47
FF 51 03 07 B1 89,0.125
80 37 30,0.1155460625
FF 51 03 07 B1 89,0.0105041875
90 3B 32
FF 51 03 07 B1 89,0.12605025
80 3B 32,0.1155460625
FF 51 03 07 B1 89,0.0105041875
90 37 36
FF 51 03 07 C2 3A,0.12605025
90 3B 37,0.121821895833
80 37 36
FF 51 03 07 C2 3A,0.00529660416667
FF 51 03 07 C2 3A,0.1271185
80 3B 37,0.1112286875
90 37 38,0.0105932083333
FF 51 03 07 C2 3A,0.00529660416667
FF 51 03 07 D3 34,0.1271185
80 37 38,0.11752125
90 3B 36,0.005341875
FF 51 03 07 D3 34,0.005341875
FF 51 03 07 D3 34,0.128205
80 3B 36,0.112179375
90 37 37,0.01068375
FF 51 03 07 D3 34,0.005341875
FF 51 03 07 E4 79,0.128205
80 37 37,0.118534395833
FF 51 03 07 E4 79,0.0107758541667
90 3B 3C
FF 51 03 07 E4 79,0.12931025
80 3B 3C,0.118534395833
90 37 3E,0.00538792708333
FF 51 03 07 E4 79,0.00538792708333
FF 51 03 07 F6 0B,0.12931025
80 37 3E,0.1195651875
FF 51 03 07 F6 0B,0.0108695625
90 3B 39
FF 51 03 07 F6 0B,0.13043475
80 3B 39,0.12499996875
FF 51 03 07 F6 0B,0.00543478125
90 37 39
FF 51 03 08 07 EB,0.13043475
80 37 39,0.126096302083
FF 51 03 08 07 EB,0.00548244791667
90 3B 36
FF 51 03 08 07 EB,0.13157875
90 37 34,0.126096302083
80 3B 36
FF 51 03 08 07 EB,0.00548244791667
FF 51 03 08 1A 1D,0.13157875
80 37 34,0.1216813125
90 3B 32,0.00553096875
FF 51 03 08 1A 1D,0.00553096875
FF 51 03 08 1A 1D,0.13274325
80 3B 32,0.1216813125
FF 51 03 08 1A 1D,0.0110619375
90 37 30
FF 51 03 08 2C A2,0.13274325
80 37 30,0.128348145833
FF 51 03 08 2C A2,0.00558035416667
90 3B 2F
80 3B 2F,0.256696291667
90 47 5A,0.00558035416667
90 3B 58
90 34 5C
FF 51 03 08 2C A2,0.00558035416667
FF 51 03 08 2C A2
90 43 5A
90 40 5B
90 37 58
80 28 47,0.0725446041667
80 34 47,0.00558035416667
80 40 5B,0.440847979167
80 47 5A,0.00558035416667
80 3B 58
80 34 5C
80 37 58
80 43 5A,0.00558035416667
90 3B 5B
90 37 5A
90 34 58
90 47 5C,0.00558035416667
90 43 5A
90 40 59
80 34 58,1.56249916667
80 47 5C,0.00558035416667
80 40 59
80 37 5A,0.0111607083333
80 43 5A,0.0167410625
80 3B 5B
90 43 5A,0.00558035416667
90 37 5B
90 32 5B
90 47 59,0.00558035416667
90 3E 58
90 3B 5C
80 3B 5C,0.5189729375
80 43 5A,0.00558035416667
80 47 59
80 3E 58
80 37 5B
80 32 5B
90 43 58,0.00558035416667
90 3E 59
90 3B 59
90 37 5A
90 32 5B
90 47 5C,0.00558035416667
80 43 58,1.56249916667
80 3B 59
80 47 5C,0.00558035416667
80 32 5B,0.0111607083333
80 3E 59,0.0167410625
80 37 5A
90 37 58,0.00558035416667
90 30 58
FF 51 03 08 2C A2,0.00558035416667
90 47 5A
90 43 5B
90 3C 5A
90 3B 59
FF 51 03 08 3F 7C,0.1339285
FF 51 03 08 3F 7C,0.135135
FF 51 03 08 3F 7C,0.135135
80 47 5A,0.118243125
80 3C 5A
80 3B 59
80 30 58,0.005630625
90 47 57,0.005630625
80 43 5B
90 3B 58
80 37 58
FF 51 03 08 3F 7C,0.005630625
90 43 56
90 3C 54
90 37 54
90 30 58
FF 51 03 08 3F 7C,0.135135
FF 51 03 08 52 AE,0.135135
FF 51 03 08 52 AE,0.1363635
FF 51 03 08 52 AE,0.1363635
FF 51 03 08 52 AE,0.1363635
FF 51 03 08 52 AE,0.1363635
FF 51 03 08 66 3A,0.1363635
FF 51 03 08 66 3A,0.1376145
FF 51 03 08 66 3A,0.1376145
FF 51 03 08 66 3A,0.1376145
FF 51 03 08 66 3A,0.1376145
80 37 54,0.0974769375
80 47 57,0.0286696875
80 3C 54
90 46 4B,0.0057339375
90 3C 49
90 3A 4A
90 34 4B
80 30 58
FF 51 03 08 7A 23,0.0057339375
90 40 49
90 30 4A
80 3B 58,0.01736109375
80 43 56,0.00578703125
FF 51 03 08 7A 23,0.115740625
FF 51 03 08 7A 23,0.13888875
80 3C 49,0.254629375
80 46 4B,0.0115740625
80 40 49
80 3A 4A
80 34 4B
90 46 44,0.00578703125
90 40 46
90 34 45
80 30 4A
FF 51 03 08 7A 23,0.00578703125
90 3C 46
90 3A 46
90 30 47
80 3A 46,3.25809859375
80 3C 46,0.0347221875
80 34 45,0.02893515625
80 30 47,0.00578703125
80 46 44,0.023148125
80 40 46
90 37 30,0.532406875
90 34 52
FF 51 03 08 2C A2,0.00578703125
FF 51 03 08 2C A2
FF 51 03 08 1A 1D,0.1339285
80 37 30,0.1216813125
FF 51 03 08 07 EB,0.0110619375
90 3B 31
FF 51 03 07 E4 79,0.13157875
90 37 32,0.123922322917
80 3B 31
FF 51 03 07 D3 34,0.00538792708333
80 37 32,0.24572625
FF 51 03 07 A1 20,0.01068375
90 3B 34
80 3B 34,0.239583333333
90 37 35,0.00520833333333
80 37 35,0.244791666667
90 3B 36,0.00520833333333
80 3B 36,0.239583333333
90 37 39,0.0104166666667
80 37 39,0.239583333333
90 3B 3B,0.0104166666667
80 3B 3B,0.244791666667
90 37 3D,0.0104166666667
80 37 3D,0.244791666667
90 3B 3C,0.00520833333333
80 3B 3C,0.239583333333
90 37 3B,0.00520833333333
80 37 3B,0.244791666667
90 3B 37,0.00520833333333
80 3B 37,0.239583333333
90 37 39,0.015625
80 37 39,0.239583333333
90 3B 34,0.00520833333333
80 3B 34,0.244791666667
90 37 36,0.0104166666667
90 3B 34,0.244791666667
80 37 36
80 3B 34,0.239583333333
90 28 44,0.0104166666667
FF 51 03 07 A1 20,0.00520833333333
90 34 47
90 37 34
80 34 52,0.0677083333333
FF 51 03 07 B1 89,0.0572916666667
90 3B 35,0.12079815625
80 37 34
FF 51 03 07 B1 89,0.00525209375
FF 51 03 07 B1 89,0.12605025
80 3B 35,0.11029396875
90 37 35,0.0105041875
FF 51 03 07 B1 89,0.00525209375
FF 51 03 07 C2 3A,0.12605025
80 37 35,0.1112286875
90 3B 35,0.0105932083333
FF 51 03 07 C2 3A,0.00529660416667
FF 51 03 07 C2 3A,0.1271185
80 3B 35,0.116525291667
90 37 37,0.00529660416667
FF 51 03 07 C2 3A,0.00529660416667
FF 51 03 07 D3 34,0.1271185
80 37 37,0.11752125
90 3B 37,0.005341875
FF 51 03 07 D3 34,0.005341875
FF 51 03 07 D3 34,0.128205
80 3B 37,0.112179375
FF 51 03 07 D3 34,0.016025625
90 37 37
FF 51 03 07 E4 79,0.128205
80 37 37,0.123922322917
FF 51 03 07 E4 79,0.00538792708333
90 3B 3B
FF 51 03 07 E4 79,0.12931025
90 37 3D,0.123922322917
80 3B 3B
FF 51 03 07 E4 79,0.00538792708333
FF 51 03 07 F6 0B,0.12931025
80 37 3D,0.11413040625
FF 51 03 07 F6 0B,0.01630434375
90 3B 39
FF 51 03 07 F6 0B,0.13043475
80 3B 39,0.1195651875
90 37 3B,0.00543478125
FF 51 03 07 F6 0B,0.00543478125
FF 51 03 08 07 EB,0.13043475
80 37 3B,0.120613854167
FF 51 03 08 07 EB,0.0109648958333
90 3B 39
FF 51 03 08 07 EB,0.13157875
80 3B 39,0.120613854167
90 37 36,0.00548244791667
FF 51 03 08 07 EB,0.00548244791667
FF 51 03 08 1A 1D,0.13157875
80 37 36,0.1216813125
90 3B 33,0.00553096875
FF 51 03 08 1A 1D,0.00553096875
FF 51 03 08 1A 1D,0.13274325
80 3B 33,0.11615034375
FF 51 03 08 1A 1D,0.01659290625
90 37 30
FF 51 03 08 2C A2,0.13274325
80 37 30,0.122767791667
FF 51 03 08 2C A2,0.0111607083333
90 3B 2E
80 28 44,0.212053458333
90 37 44,0.0502231875
80 3B 2E
90 34 4F
FF 51 03 08 2C A2,0.00558035416667
FF 51 03 07 A1 20
80 34 47,0.03125
80 37 44,0.208333333333
90 3B 47,0.00520833333333
80 3B 47,0.244791666667
90 37 4B,0.0104166666667
90 3B 4C,0.244791666667
80 37 4B
80 3B 4C,0.244791666667
90 37 4F,0.00520833333333
90 56 6E,0.00520833333333
90 4A 6C
80 37 4F,0.239583333333
90 3B 53,0.0104166666667
80 3B 53,0.239583333333
90 47 6E,0.00520833333333
90 53 6D,0.00520833333333
80 56 6E
80 4A 6C
90 37 57
80 37 57,0.239583333333
90 3B 57,0.00520833333333
80 3B 57,0.244791666667
90 32 5C,0.00520833333333
90 37 48,0.00520833333333
80 34 4F,0.0260416666667
80 37 48,0.213541666667
90 3B 49,0.0104166666667
80 47 6E,0.21875
80 53 6D,0.00520833333333
80 3B 49,0.015625
90 37 4B,0.0104166666667
90 3B 4D,0.244791666667
80 37 4B
80 3B 4D,0.244791666667
90 37 51,0.00520833333333
90 56 70,0.00520833333333
90 4A 6D
80 37 51,0.239583333333
90 3B 53,0.00520833333333
80 4A 6D,0.244791666667
80 3B 53
90 53 6A,0.00520833333333
90 47 69
90 37 57
80 56 70,0.00520833333333
80 37 57,0.234375
90 3B 58,0.015625
80 32 5C,0.21875
90 37 50,0.0260416666667
80 3B 58
90 30 51
80 37 50,0.244791666667
90 3B 4D,0.0104166666667
80 53 6A,0.239583333333
80 47 69
80 3B 4D
90 37 49,0.0104166666667
80 37 49,0.244791666667
90 3B 4B,0.00520833333333
80 3B 4B,0.244791666667
90 56 60,0.00520833333333
90 4A 5D
90 37 48
80 37 48,0.244791666667
90 3B 46,0.00520833333333
80 4A 5D,0.239583333333
80 3B 46
90 37 41,0.00520833333333
90 53 5B,0.00520833333333
90 47 5A
80 56 60
80 37 41,0.239583333333
90 3B 3E,0.0104166666667
80 3B 3E,0.244791666667
90 37 2A,0.00520833333333
90 33 48
80 30 51,0.00520833333333
80 37 2A,0.239583333333
90 3A 2A,0.00520833333333
80 3A 2A,0.239583333333
80 53 5B,0.0104166666667
90 37 2B
80 47 5A,0.0104166666667
90 3A 2E,0.234375
80 37 2B
80 3A 2E,0.244791666667
90 52 50,0.00520833333333
90 37 32
90 46 4F,0.00520833333333
80 37 32,0.239583333333
90 3A 36,0.0104166666667
80 52 50,0.229166666667
80 46 4F,0.0104166666667
80 3A 36
90 4F 4F,0.00520833333333
90 37 36
90 43 4F,0.00520833333333
80 37 36,0.239583333333
90 3A 39,0.00520833333333
80 3A 39,0.244791666667
90 37 33,0.00520833333333
90 34 52
80 33 48,0.0364583333333
80 37 33,0.208333333333
90 3B 35,0.0104166666667
80 3B 35,0.239583333333
90 37 36,0.0104166666667
80 4F 4F,0.00520833333333
80 43 4F,0.00520833333333
80 37 36,0.234375
90 3B 35,0.00520833333333
80 3B 35,0.239583333333
90 37 36,0.0104166666667
80 37 36,0.244791666667
90 3B 36,0.00520833333333
80 3B 36,0.239583333333
90 37 3A,0.0104166666667
90 3B 38,0.244791666667
80 37 3A
80 3B 38,0.244791666667
90 37 3E,0.0104166666667
80 37 3E,0.239583333333
90 3B 3C,0.00520833333333
80 3B 3C,0.239583333333
90 37 3A,0.015625
80 37 3A,0.239583333333
90 3B 3B,0.00520833333333
80 3B 3B,0.244791666667
90 37 35,0.0104166666667
80 37 35,0.239583333333
90 3B 36,0.0104166666667
80 3B 36,0.244791666667
90 37 33,0.00520833333333
80 37 33,0.244791666667
90 3B 35,0.00520833333333
80 34 52,0.15625
90 34 52,0.0885416666667
80 3B 35
FF 51 03 07 A1 20,0.00520833333333
90 28 51
90 37 31
FF 51 03 07 B1 89,0.125
80 37 31,0.12079815625
FF 51 03 07 B1 89,0.00525209375
90 3B 31
FF 51 03 07 B1 89,0.12605025
80 3B 31,0.1155460625
90 37 36,0.00525209375
FF 51 03 07 B1 89,0.00525209375
FF 51 03 07 C2 3A,0.12605025
80 37 36,0.116525291667
90 3B 33,0.00529660416667
FF 51 03 07 C2 3A,0.00529660416667
FF 51 03 07 C2 3A,0.1271185
80 3B 33,0.116525291667
FF 51 03 07 C2 3A,0.0105932083333
90 37 38
FF 51 03 07 D3 34,0.1271185
80 37 38,0.11752125
90 3B 38,0.005341875
FF 51 03 07 D3 34,0.005341875
FF 51 03 07 D3 34,0.128205
80 3B 38,0.112179375
FF 51 03 07 D3 34,0.016025625
90 37 39
FF 51 03 07 E4 79,0.128205
90 3B 39,0.123922322917
80 37 39
FF 51 03 07 E4 79,0.00538792708333
FF 51 03 07 E4 79,0.12931025
80 3B 39,0.118534395833
FF 51 03 07 E4 79,0.0107758541667
90 37 3A
FF 51 03 07 F6 0B,0.12931025
90 3B 3A,0.12499996875
80 37 3A
FF 51 03 07 F6 0B,0.00543478125
FF 51 03 07 F6 0B,0.13043475
80 3B 3A,0.1195651875
90 37 37,0.00543478125
FF 51 03 07 F6 0B,0.00543478125
FF 51 03 08 07 EB,0.13043475
80 37 37,0.120613854167
FF 51 03 08 07 EB,0.0109648958333
90 3B 37
FF 51 03 08 07 EB,0.13157875
90 37 33,0.126096302083
80 3B 37
FF 51 03 08 07 EB,0.00548244791667
FF 51 03 08 1A 1D,0.13157875
80 37 33,0.1216813125
90 3B 34,0.00553096875
FF 51 03 08 1A 1D,0.00553096875
FF 51 03 08 1A 1D,0.13274325
80 3B 34,0.11615034375
FF 51 03 08 1A 1D,0.01659290625
90 37 31
FF 51 03 08 2C A2,0.13274325
80 37 31,0.128348145833
FF 51 03 08 2C A2,0.00558035416667
90 3B 31
80 34 52,0.167410625
90 37 46,0.0948660208333
80 3B 31
90 34 4F
FF 51 03 08 2C A2,0.00558035416667
FF 51 03 07 A1 20
80 28 51,0.03125
80 37 46,0.208333333333
90 3B 4A,0.0104166666667
80 3B 4A,0.239583333333
90 37 4C,0.00520833333333
80 37 4C,0.244791666667
90 3B 4F,0.0104166666667
80 3B 4F,0.239583333333
90 56 6D,0.00520833333333
90 37 4E
90 4A 6D,0.00520833333333
80 37 4E,0.239583333333
90 3B 53,0.00520833333333
80 56 6D,0.239583333333
80 3B 53
80 4A 6D,0.0104166666667
90 37 56
90 53 70,0.00520833333333
90 47 6D
80 37 56,0.239583333333
90 3B 58,0.00520833333333
80 3B 58,0.244791666667
90 32 5C,0.00520833333333
90 37 48,0.00520833333333
80 34 4F,0.00520833333333
80 37 48,0.234375
90 3B 49,0.0104166666667
80 47 6D,0.234375
80 3B 49,0.00520833333333
90 37 4A,0.0104166666667
80 53 70,0.0104166666667
90 3B 4F,0.234375
80 37 4A
80 3B 4F,0.244791666667
90 56 6F,0.00520833333333
90 37 50
90 4A 6F,0.00520833333333
80 37 50,0.239583333333
90 3B 54,0.00520833333333
80 56 6F,0.239583333333
80 3B 54,0.00520833333333
90 47 6A,0.00520833333333
80 4A 6F
90 53 6B,0.00520833333333
90 37 53
80 37 53,0.239583333333
90 3B 59,0.00520833333333
80 3B 59,0.239583333333
80 32 5C,0.00520833333333
90 37 50,0.00520833333333
90 30 50
80 37 50,0.244791666667
90 3B 4D,0.00520833333333
80 53 6B,0.239583333333
80 3B 4D
80 47 6A,0.0104166666667
90 37 4B
80 37 4B,0.239583333333
90 3B 48,0.015625
90 4A 5D,0.244791666667
80 3B 48
90 56 5F,0.00520833333333
90 37 46
80 37 46,0.244791666667
90 3B 42,0.00520833333333
80 4A 5D,0.239583333333
80 56 5F
90 53 59,0.00520833333333
90 37 41
80 3B 42
90 47 5A,0.00520833333333
80 37 41,0.239583333333
90 3B 3F,0.00520833333333
80 3B 3F,0.239583333333
80 30 50,0.00520833333333
90 37 29,0.00520833333333
90 33 48
80 37 29,0.239583333333
90 3A 2B,0.0104166666667
80 3A 2B,0.244791666667
80 47 5A,0.00520833333333
90 37 2F
80 53 59,0.0104166666667
80 37 2F,0.229166666667
90 3A 30,0.0104166666667
80 3A 30,0.239583333333
90 37 32,0.0104166666667
90 52 4F,0.00520833333333
90 46 50
80 37 32,0.239583333333
90 3A 36,0.0104166666667
80 52 4F,0.239583333333
80 3A 36
90 4F 50,0.0104166666667
90 43 50
80 46 50
90 37 35
80 37 35,0.239583333333
90 3A 37,0.0104166666667
80 33 48,0.21875
80 3A 37,0.0208333333333
90 37 33,0.00520833333333
90 34 50,0.00520833333333
80 37 33,0.239583333333
90 3B 34,0.0104166666667
80 3B 34,0.239583333333
80 4F 50,0.00520833333333
90 37 34
80 43 50,0.015625
80 37 34,0.229166666667
90 3B 34,0.00520833333333
80 3B 34,0.244791666667
90 37 35,0.0104166666667
80 37 35,0.239583333333
90 3B 36,0.0104166666667
80 3B 36,0.239583333333
90 37 37,0.00520833333333
80 37 37,0.239583333333
90 3B 39,0.015625
90 37 3C,0.244791666667
80 3B 39
80 37 3C,0.244791666667
90 3B 3B,0.00520833333333
80 3B 3B,0.244791666667
90 37 38,0.00520833333333
80 37 38,0.239583333333
90 3B 3A,0.015625
80 3B 3A,0.239583333333
90 37 37,0.00520833333333
80 37 37,0.239583333333
90 3B 38,0.015625
90 37 36,0.244791666667
80 3B 38
80 37 36,0.244791666667
90 3B 32,0.0104166666667
80 34 50,0.161458333333
90 28 50,0.0833333333333
90 37 34
80 3B 32
FF 51 03 07 A1 20,0.00520833333333
90 34 4F
FF 51 03 07 B1 89,0.125
80 37 34,0.11029396875
FF 51 03 07 B1 89,0.01575628125
90 3B 33
FF 51 03 07 B1 89,0.12605025
80 3B 33,0.1155460625
FF 51 03 07 B1 89,0.0105041875
90 37 36
FF 51 03 07 C2 3A,0.12605025
80 37 36,0.116525291667
90 3B 37,0.00529660416667
FF 51 03 07 C2 3A,0.00529660416667
FF 51 03 07 C2 3A,0.1271185
80 3B 37,0.1112286875
FF 51 03 07 C2 3A,0.0158898125
90 37 37
FF 51 03 07 D3 34,0.1271185
80 37 37,0.122863125
FF 51 03 07 D3 34,0.005341875
90 3B 36
FF 51 03 07 D3 34,0.128205
80 3B 36,0.11752125
90 37 37,0.005341875
FF 51 03 07 D3 34,0.005341875
FF 51 03 07 E4 79,0.128205
80 37 37,0.118534395833
90 3B 39,0.00538792708333
FF 51 03 07 E4 79,0.00538792708333
FF 51 03 07 E4 79,0.12931025
80 3B 39,0.118534395833
90 37 3D,0.00538792708333
FF 51 03 07 E4 79,0.00538792708333
FF 51 03 07 F6 0B,0.12931025
80 37 3D,0.11413040625
90 3B 3B,0.0108695625
FF 51 03 07 F6 0B,0.00543478125
FF 51 03 07 F6 0B,0.13043475
80 3B 3B,0.1195651875
FF 51 03 07 F6 0B,0.0108695625
90 37 37
FF 51 03 08 07 EB,0.13043475
80 37 37,0.120613854167
90 3B 39,0.00548244791667
FF 51 03 08 07 EB,0.00548244791667
FF 51 03 08 07 EB,0.13157875
80 3B 39,0.120613854167
FF 51 03 08 07 EB,0.0109648958333
90 37 36
FF 51 03 08 1A 1D,0.13157875
80 37 36,0.1216813125
90 3B 35,0.00553096875
FF 51 03 08 1A 1D,0.00553096875
FF 51 03 08 1A 1D,0.13274325
80 3B 35,0.11615034375
FF 51 03 08 1A 1D,0.01659290625
90 37 32
FF 51 03 08 2C A2,0.13274325
90 3B 2E,0.128348145833
80 37 32
FF 51 03 08 2C A2,0.00558035416667
80 34 4F,0.172990979167
80 3B 2E,0.0781249583333
90 37 47,0.0111607083333
90 34 4E
FF 51 03 08 2C A2,0.00558035416667
FF 51 03 07 A1 20
80 28 50,0.0260416666667
80 37 47,0.208333333333
90 3B 46,0.0104166666667
80 3B 46,0.244791666667
90 37 4A,0.00520833333333
80 37 4A,0.244791666667
90 3B 4B,0.0104166666667
80 3B 4B,0.239583333333
90 37 4F,0.00520833333333
90 56 6C,0.00520833333333
90 4A 6E
80 37 4F,0.239583333333
90 3B 50,0.0104166666667
80 56 6C,0.239583333333
80 3B 50
90 53 70,0.0104166666667
90 47 6D
80 4A 6E
90 37 53
80 37 53,0.244791666667
90 3B 55,0.00520833333333
80 3B 55,0.244791666667
90 37 45,0.00520833333333
90 32 5C
80 34 4E,0.00520833333333
80 37 45,0.239583333333
90 3B 46,0.00520833333333
80 3B 46,0.244791666667
80 53 70,0.00520833333333
80 47 6D
90 37 4B
90 3B 4B,0.244791666667
80 37 4B
80 3B 4B,0.244791666667
90 37 50,0.00520833333333
90 56 6D,0.00520833333333
90 4A 6D
80 37 50,0.239583333333
90 3B 53,0.0104166666667
80 4A 6D,0.234375
90 53 68,0.0104166666667
90 47 68
80 56 6D
90 37 55
80 3B 53
80 37 55,0.244791666667
90 3B 57,0.00520833333333
80 3B 57,0.244791666667
90 37 4F,0.00520833333333
90 30 4F
80 32 5C
80 37 4F,0.244791666667
90 3B 4C,0.0104166666667
80 53 68,0.21875
80 47 68
90 37 4D,0.0260416666667
80 3B 4C
80 37 4D,0.239583333333
90 3B 4A,0.0104166666667
80 3B 4A,0.244791666667
90 56 60,0.00520833333333
90 4A 5F
90 37 45
80 37 45,0.244791666667
90 3B 42,0.00520833333333
80 4A 5F,0.234375
80 56 60,0.00520833333333
80 3B 42,0.00520833333333
90 47 59,0.00520833333333
90 53 5C,0.00520833333333
90 37 41
90 3B 3F,0.244791666667
80 37 41
80 3B 3F,0.244791666667
90 37 27,0.00520833333333
90 33 46,0.00520833333333
80 30 4F,0.00520833333333
80 37 27,0.229166666667
90 3A 29,0.015625
80 53 5C,0.234375
80 3A 29,0.0104166666667
90 37 2F,0.00520833333333
80 47 59,0.00520833333333
80 37 2F,0.234375
90 3A 2F,0.00520833333333
80 3A 2F,0.239583333333
90 46 4F,0.0104166666667
90 52 4F,0.00520833333333
90 37 33
80 37 33,0.239583333333
90 3A 34,0.0104166666667
80 46 4F,0.229166666667
90 43 52,0.015625
80 52 4F
90 37 35
80 3A 34
90 4F 51,0.00520833333333
80 37 35,0.239583333333
90 3A 3B,0.0104166666667
80 3A 3B,0.239583333333
90 37 34,0.00520833333333
90 34 50,0.00520833333333
80 33 46,0.0104166666667
80 37 34,0.223958333333
90 3B 33,0.0104166666667
80 4F 51,0.239583333333
80 3B 33
80 43 52,0.00520833333333
90 37 34,0.0104166666667
80 37 34,0.239583333333
90 3B 37,0.00520833333333
80 3B 37,0.244791666667
90 37 36,0.00520833333333
80 37 36,0.244791666667
90 3B 39,0.0104166666667
80 3B 39,0.244791666667
90 37 39,0.00520833333333
80 37 39,0.239583333333
90 3B 38,0.00520833333333
80 3B 38,0.244791666667
90 37 3D,0.00520833333333
80 37 3D,0.239583333333
90 3B 3B,0.015625
80 3B 3B,0.244791666667
90 37 39,0.00520833333333
80 37 39,0.239583333333
90 3B 3B,0.00520833333333
80 3B 3B,0.239583333333
90 37 36,0.015625
80 37 36,0.239583333333
90 3B 34,0.0104166666667
80 3B 34,0.239583333333
90 37 34,0.00520833333333
80 37 34,0.244791666667
90 3B 33,0.0104166666667
80 34 50,0.203125
80 3B 33,0.0364583333333
90 34 4E,0.00520833333333
FF 51 03 07 A1 20,0.00520833333333
90 28 50
90 37 31
FF 51 03 07 B1 89,0.125
90 3B 32,0.12079815625
80 37 31
FF 51 03 07 B1 89,0.00525209375
FF 51 03 07 B1 89,0.12605025
80 3B 32,0.1155460625
90 37 33,0.00525209375
FF 51 03 07 B1 89,0.00525209375
FF 51 03 07 C2 3A,0.12605025
80 37 33,0.1112286875
90 3B 37,0.0105932083333
FF 51 03 07 C2 3A,0.00529660416667
FF 51 03 07 C2 3A,0.1271185
80 3B 37,0.116525291667
FF 51 03 07 C2 3A,0.0105932083333
90 37 36
FF 51 03 07 D3 34,0.1271185
80 37 36,0.11752125
FF 51 03 07 D3 34,0.01068375
90 3B 3A
FF 51 03 07 D3 34,0.128205
80 3B 3A,0.11752125
90 37 3B,0.005341875
FF 51 03 07 D3 34,0.005341875
FF 51 03 07 E4 79,0.128205
80 37 3B,0.11314646875
FF 51 03 07 E4 79,0.01616378125
90 3B 3A
FF 51 03 07 E4 79,0.12931025
80 3B 3A,0.118534395833
90 37 3A,0.00538792708333
FF 51 03 07 E4 79,0.00538792708333
FF 51 03 07 F6 0B,0.12931025
80 37 3A,0.11413040625
FF 51 03 07 F6 0B,0.01630434375
90 3B 3D
FF 51 03 07 F6 0B,0.13043475
80 3B 3D,0.1195651875
FF 51 03 07 F6 0B,0.0108695625
90 37 39
FF 51 03 08 07 EB,0.13043475
80 37 39,0.126096302083
FF 51 03 08 07 EB,0.00548244791667
90 3B 35
FF 51 03 08 07 EB,0.13157875
90 37 35,0.126096302083
80 3B 35
FF 51 03 08 07 EB,0.00548244791667
FF 51 03 08 1A 1D,0.13157875
80 37 35,0.1216813125
90 3B 34,0.00553096875
FF 51 03 08 1A 1D,0.00553096875
FF 51 03 08 1A 1D,0.13274325
80 3B 34,0.1216813125
90 37 30,0.00553096875
FF 51 03 08 1A 1D,0.00553096875
FF 51 03 08 2C A2,0.13274325
80 37 30,0.122767791667
FF 51 03 08 2C A2,0.0111607083333
90 3B 2E
80 3B 2E,0.256696291667
90 47 5B,0.00558035416667
90 43 59
90 40 5A
90 37 58
FF 51 03 08 2C A2,0.00558035416667
FF 51 03 08 2C A2
90 3B 58
90 34 5C
80 34 4E,0.0725446041667
80 28 50,0.00558035416667
80 43 59,0.435267625
80 37 58
80 40 5A,0.00558035416667
80 3B 58
80 47 5B,0.00558035416667
90 43 5C,0.00558035416667
90 40 5A
90 3B 5C
90 37 5B
80 34 5C
90 47 5B,0.00558035416667
90 34 5B
80 3B 5C,1.56249916667
80 47 5B,0.0223214166667
80 34 5B
90 3E 5A,0.0167410625
80 43 5C
90 32 5B
80 37 5B
90 47 58,0.00558035416667
90 43 5C
90 3B 5B
90 37 58
80 40 5A,0.0167410625
80 32 5B,0.502231875
80 3E 5A,0.00558035416667
80 47 58
80 43 5C
80 3B 5B
90 47 5C,0.00558035416667
90 43 59
90 3B 5B
90 32 58
80 37 58
90 3E 59,0.00558035416667
90 37 5C
80 3E 59,1.56807952083
80 37 5C,0.0167410625
80 47 5C,0.0111607083333
80 43 59
80 3B 5B
90 30 5C,0.00558035416667
FF 51 03 08 2C A2,0.00558035416667
90 47 58
90 43 5A
90 3C 5A
90 3B 59
90 37 5A
80 32 58
FF 51 03 08 3F 7C,0.1339285
FF 51 03 08 3F 7C,0.135135
FF 51 03 08 3F 7C,0.135135
80 30 5C,0.1126125
80 3B 59,0.005630625
80 3C 5A,0.005630625
80 37 5A
90 3C 57,0.005630625
80 47 58
80 43 5A
90 3B 58
90 37 57
FF 51 03 08 3F 7C,0.005630625
90 47 55
90 43 55
90 30 57
FF 51 03 08 3F 7C,0.135135
FF 51 03 08 52 AE,0.135135
FF 51 03 08 52 AE,0.1363635
FF 51 03 08 52 AE,0.1363635
FF 51 03 08 52 AE,0.1363635
FF 51 03 08 52 AE,0.1363635
FF 51 03 08 66 3A,0.1363635
FF 51 03 08 66 3A,0.1376145
FF 51 03 08 66 3A,0.1376145
FF 51 03 08 66 3A,0.1376145
FF 51 03 08 66 3A,0.1376145
80 3C 57,0.091743
80 30 57,0.0057339375
80 3B 58,0.011467875
90 46 4A,0.02293575
90 40 4A
90 3C 4B
80 47 55
90 34 4B
90 30 49
FF 51 03 08 7A 23,0.0057339375
90 3A 49
80 43 55,0.00578703125
80 37 57,0.0115740625
FF 51 03 08 7A 23,0.12152765625
FF 51 03 08 7A 23,0.13888875
80 40 4A,0.26041640625
80 34 4B
80 46 4A,0.00578703125
80 3C 4B
80 30 49
80 3A 49
90 46 48,0.00578703125
90 40 46
90 3C 44
90 34 48
FF 51 03 08 7A 23,0.00578703125
90 3A 48
90 30 47
80 30 47,3.25809859375
80 46 48,0.02893515625
80 34 48
80 3C 44,0.06365734375
80 40 46,0.0347221875
80 3A 48,0.00578703125
90 37 33,0.49189765625
FF 51 03 08 2C A2,0.00578703125
FF 51 03 08 2C A2
90 34 52
FF 51 03 08 1A 1D,0.1339285
80 37 33,0.1216813125
FF 51 03 08 07 EB,0.0110619375
90 3B 34
FF 51 03 07 E4 79,0.13157875
90 37 36,0.123922322917
80 3B 34
FF 51 03 07 D3 34,0.00538792708333
80 37 36,0.24572625
90 3B 35,0.005341875
FF 51 03 07 A1 20,0.005341875
80 3B 35,0.234375
90 37 39,0.015625
80 37 39,0.239583333333
90 3B 3A,0.00520833333333
80 3B 3A,0.239583333333
90 37 37,0.0104166666667
80 37 37,0.239583333333
90 3B 3A,0.0104166666667
80 3B 3A,0.244791666667
90 37 3E,0.0104166666667
80 37 3E,0.244791666667
90 3B 3A,0.00520833333333
80 3B 3A,0.244791666667
90 37 39,0.00520833333333
80 37 39,0.239583333333
90 3B 3A,0.00520833333333
80 3B 3A,0.239583333333
90 37 36,0.015625
80 37 36,0.239583333333
90 3B 35,0.00520833333333
80 3B 35,0.244791666667
90 37 37,0.0104166666667
80 37 37,0.244791666667
90 3B 32,0.00520833333333
80 3B 32,0.244791666667
80 34 52
FF 51 03 07 A1 20,0.00520833333333
90 34 46
90 28 47
90 37 34
FF 51 03 07 B1 89,0.125
90 3B 35,0.12079815625
80 37 34
FF 51 03 07 B1 89,0.00525209375
FF 51 03 07 B1 89,0.12605025
80 3B 35,0.1155460625
FF 51 03 07 B1 89,0.0105041875
90 37 35
FF 51 03 07 C2 3A,0.12605025
90 3B 34,0.121821895833
80 37 35
FF 51 03 07 C2 3A,0.00529660416667
FF 51 03 07 C2 3A,0.1271185
80 3B 34,0.1112286875
90 37 36,0.0105932083333
FF 51 03 07 C2 3A,0.00529660416667
FF 51 03 07 D3 34,0.1271185
80 37 36,0.112179375
FF 51 03 07 D3 34,0.016025625
90 3B 39
FF 51 03 07 D3 34,0.128205
90 37 37,0.122863125
80 3B 39
FF 51 03 07 D3 34,0.005341875
FF 51 03 07 E4 79,0.128205
80 37 37,0.11314646875
90 3B 3C,0.0107758541667
FF 51 03 07 E4 79,0.00538792708333
FF 51 03 07 E4 79,0.12931025
80 3B 3C,0.118534395833
90 37 3A,0.00538792708333
FF 51 03 07 E4 79,0.00538792708333
FF 51 03 07 F6 0B,0.12931025
80 37 3A,0.1195651875
90 3B 3D,0.00543478125
FF 51 03 07 F6 0B,0.00543478125
FF 51 03 07 F6 0B,0.13043475
80 3B 3D,0.1195651875
FF 51 03 07 F6 0B,0.0108695625
90 37 3B
FF 51 03 08 07 EB,0.13043475
80 37 3B,0.126096302083
FF 51 03 08 07 EB,0.00548244791667
90 3B 38
FF 51 03 08 07 EB,0.13157875
80 3B 38,0.120613854167
FF 51 03 08 07 EB,0.0109648958333
90 37 37
FF 51 03 08 1A 1D,0.13157875
80 37 37,0.12721228125
FF 51 03 08 1A 1D,0.00553096875
90 3B 35
FF 51 03 08 1A 1D,0.13274325
90 37 32,0.12721228125
80 3B 35
FF 51 03 08 1A 1D,0.00553096875
FF 51 03 08 2C A2,0.13274325
80 37 32,0.122767791667
FF 51 03 08 2C A2,0.0111607083333
90 3B 30
80 3B 30,0.256696291667
90 47 5B,0.00558035416667
90 43 5C
90 3B 58
90 37 5A
90 34 58
FF 51 03 08 2C A2,0.00558035416667
FF 51 03 08 2C A2
90 40 58
80 34 46,0.033482125
80 28 47,0.0446428333333
80 43 5C,0.435267625
80 47 5B,0.0111607083333
80 37 5A
80 34 58
80 40 58,0.00558035416667
90 37 59
90 34 59
80 3B 58
90 47 58,0.00558035416667
90 43 5A
90 40 59
90 3B 59
80 47 58,1.56807952083
80 34 59,0.0111607083333
80 43 5A,0.00558035416667
80 3B 59
80 37 59,0.0111607083333
90 43 59,0.00558035416667
90 3E 5B
90 3B 58
90 37 5A
90 32 59
90 47 5C,0.00558035416667
80 40 59,0.00558035416667
80 43 59,0.507812229167
80 3E 5B
80 37 5A
80 32 59
80 3B 58,0.00558035416667
80 47 5C,0.00558035416667
90 47 5A,0.00558035416667
90 43 5C
90 3B 5C
90 32 5B
90 3E 59,0.00558035416667
90 37 5B
80 43 5C,1.57924022917
80 3B 5C,0.0167410625
80 47 5A,0.00558035416667
80 3E 59
90 3B 5C
90 30 5A
80 37 5B
FF 51 03 08 2C A2,0.00558035416667
90 47 5B
90 43 59
90 3C 5B
90 37 59
80 32 5B,0.0167410625
FF 51 03 08 3F 7C,0.1171874375
FF 51 03 08 3F 7C,0.135135
FF 51 03 08 3F 7C,0.135135
80 3B 5C,0.118243125
80 37 59
80 47 5B,0.005630625
80 43 59
80 30 5A
90 47 55,0.005630625
90 43 54
80 3C 5B
90 3B 57
FF 51 03 08 3F 7C,0.005630625
90 3C 55
90 37 54
90 30 57
FF 51 03 08 3F 7C,0.135135
FF 51 03 08 52 AE,0.135135
FF 51 03 08 52 AE,0.1363635
FF 51 03 08 52 AE,0.1363635
FF 51 03 08 52 AE,0.1363635
FF 51 03 08 52 AE,0.1363635
FF 51 03 08 66 3A,0.1363635
FF 51 03 08 66 3A,0.1376145
FF 51 03 08 66 3A,0.1376145
FF 51 03 08 66 3A,0.1376145
FF 51 03 08 66 3A,0.1376145
80 47 55,0.1089448125
80 3C 55,0.0172018125
80 30 57
90 3C 4C,0.0057339375
90 34 4A
90 30 4C
80 37 54
FF 51 03 08 7A 23,0.0057339375
90 46 49
90 40 48
80 43 54
90 3A 49
80 3B 57
FF 51 03 08 7A 23,0.13888875
FF 51 03 08 7A 23,0.13888875
80 40 48,0.26041640625
80 30 4C
80 3C 4C,0.00578703125
80 46 49
80 34 4A
90 46 46,0.00578703125
90 40 44
90 34 44
90 30 45
80 3A 49
FF 51 03 08 7A 23,0.00578703125
90 3C 44
90 3A 47
80 34 44,3.2523115625
80 30 45
80 40 44,0.069444375
80 3C 44,0.00578703125
80 46 46,0.023148125
80 3A 47,0.04050921875
90 34 52,0.49189765625
FF 51 03 08 2C A2,0.00578703125
FF 51 03 08 2C A2
90 37 34
FF 51 03 08 1A 1D,0.1339285
80 37 34,0.12721228125
FF 51 03 08 07 EB,0.00553096875
90 3B 34
FF 51 03 07 E4 79,0.13157875
80 3B 34,0.118534395833
90 37 36,0.00538792708333
FF 51 03 07 D3 34,0.00538792708333
80 37 36,0.240384375
90 3B 35,0.01068375
FF 51 03 07 A1 20,0.005341875
80 3B 35,0.234375
90 37 38,0.015625
80 37 38,0.239583333333
90 3B 39,0.00520833333333
80 3B 39,0.244791666667
90 37 3B,0.0104166666667
90 3B 3C,0.244791666667
80 37 3B
80 3B 3C,0.244791666667
90 37 3D,0.00520833333333
80 37 3D,0.244791666667
90 3B 3D,0.0104166666667
90 37 3A,0.244791666667
80 3B 3D
80 37 3A,0.239583333333
90 3B 38,0.0104166666667
80 3B 38,0.244791666667
90 37 39,0.00520833333333
80 37 39,0.244791666667
90 3B 37,0.00520833333333
80 3B 37,0.239583333333
90 37 35,0.015625
90 3B 36,0.244791666667
80 37 35
80 3B 36,0.244791666667
80 34 52
90 34 44,0.00520833333333
FF 51 03 07 A1 20,0.00520833333333
90 28 47
90 37 31
FF 51 03 07 B1 89,0.125
80 37 31,0.1155460625
90 3B 31,0.00525209375
FF 51 03 07 B1 89,0.00525209375
FF 51 03 07 B1 89,0.12605025
80 3B 31,0.1155460625
FF 51 03 07 B1 89,0.0105041875
90 37 35
FF 51 03 07 C2 3A,0.12605025
80 37 35,0.116525291667
FF 51 03 07 C2 3A,0.0105932083333
90 3B 37
FF 51 03 07 C2 3A,0.1271185
90 37 38,0.121821895833
80 3B 37
FF 51 03 07 C2 3A,0.00529660416667
FF 51 03 07 D3 34,0.1271185
80 37 38,0.11752125
90 3B 36,0.005341875
FF 51 03 07 D3 34,0.005341875
FF 51 03 07 D3 34,0.128205
80 3B 36,0.11752125
FF 51 03 07 D3 34,0.01068375
90 37 3A
FF 51 03 07 E4 79,0.128205
80 37 3A,0.118534395833
90 3B 38,0.00538792708333
FF 51 03 07 E4 79,0.00538792708333
FF 51 03 07 E4 79,0.12931025
80 3B 38,0.11314646875
FF 51 03 07 E4 79,0.01616378125
90 37 3B
FF 51 03 07 F6 0B,0.12931025
80 37 3B,0.12499996875
FF 51 03 07 F6 0B,0.00543478125
90 3B 3D
FF 51 03 07 F6 0B,0.13043475
80 3B 3D,0.1195651875
90 37 3B,0.00543478125
FF 51 03 07 F6 0B,0.00543478125
FF 51 03 08 07 EB,0.13043475
80 37 3B,0.120613854167
FF 51 03 08 07 EB,0.0109648958333
90 3B 39
FF 51 03 08 07 EB,0.13157875
80 3B 39,0.126096302083
FF 51 03 08 07 EB,0.00548244791667
90 37 34
FF 51 03 08 1A 1D,0.13157875
80 37 34,0.12721228125
FF 51 03 08 1A 1D,0.00553096875
90 3B 34
FF 51 03 08 1A 1D,0.13274325
90 37 32,0.12721228125
80 3B 34
FF 51 03 08 1A 1D,0.00553096875
FF 51 03 08 2C A2,0.13274325
80 37 32,0.122767791667
90 3B 2D,0.00558035416667
FF 51 03 08 2C A2,0.00558035416667
80 34 44,0.256696291667
80 3B 2D
90 37 47,0.00558035416667
90 34 4E
FF 51 03 08 2C A2,0.00558035416667
FF 51 03 07 A1 20
80 28 47,0.0729166666667
80 37 47,0.161458333333
90 3B 48,0.0104166666667
80 3B 48,0.244791666667
90 37 4C,0.00520833333333
80 37 4C,0.239583333333
90 3B 4B,0.015625
80 3B 4B,0.239583333333
90 56 6E,0.00520833333333
90 4A 6C,0.00520833333333
90 37 4E
90 3B 52,0.244791666667
80 37 4E
80 56 6E,0.239583333333
80 3B 52,0.00520833333333
90 53 6C,0.00520833333333
80 4A 6C
90 37 56
90 47 70,0.00520833333333
80 37 56,0.234375
90 3B 58,0.015625
80 34 4E,0.197916666667
80 3B 58,0.046875
90 37 44,0.00520833333333
90 32 59
80 37 44,0.244791666667
90 3B 49,0.00520833333333
80 53 6C,0.239583333333
80 3B 49,0.00520833333333
90 37 4D,0.00520833333333
80 47 70,0.0104166666667
80 37 4D,0.234375
90 3B 4D,0.00520833333333
90 56 6C,0.244791666667
90 4A 6D
90 37 4E
80 3B 4D
80 37 4E,0.244791666667
90 3B 50,0.0104166666667
80 4A 6D,0.229166666667
80 56 6C,0.015625
90 37 55
80 3B 50
90 53 68,0.00520833333333
90 47 68
80 37 55,0.234375
90 3B 58,0.015625
80 3B 58,0.244791666667
90 37 51,0.00520833333333
90 30 52
80 32 59,0.0104166666667
90 3B 4C,0.234375
80 37 51
80 47 68,0.229166666667
80 3B 4C,0.015625
80 53 68,0.00520833333333
90 37 4A,0.00520833333333
90 3B 49,0.244791666667
80 37 4A
80 3B 49,0.239583333333
90 56 60,0.0104166666667
90 37 46
90 4A 5C,0.00520833333333
80 37 46,0.234375
90 3B 44,0.0104166666667
80 56 60,0.234375
80 3B 44,0.0104166666667
90 37 41,0.00520833333333
90 53 58,0.00520833333333
90 47 5C
80 4A 5C
80 37 41,0.234375
90 3B 40,0.0104166666667
80 3B 40,0.244791666667
90 37 2A,0.0104166666667
90 33 44
80 30 52,0.03125
80 37 2A,0.208333333333
90 3A 2B,0.00520833333333
80 53 58,0.229166666667
80 3A 2B,0.0104166666667
80 47 5C,0.0104166666667
90 37 2F
80 37 2F,0.239583333333
90 3A 2D,0.0104166666667
80 3A 2D,0.244791666667
90 52 50,0.00520833333333
90 46 51,0.00520833333333
90 37 34
80 37 34,0.244791666667
90 3A 36,0.00520833333333
80 52 50,0.229166666667
90 37 36,0.015625
80 3A 36
90 4F 50,0.00520833333333
90 43 4E
80 46 51
80 37 36,0.239583333333
90 3A 37,0.0104166666667
80 3A 37,0.239583333333
90 37 32,0.00520833333333
80 33 44
90 34 4F,0.00520833333333
80 37 32,0.239583333333
90 3B 35,0.00520833333333
80 3B 35,0.239583333333
80 4F 50,0.015625
80 43 4E
90 37 34
80 37 34,0.239583333333
90 3B 34,0.0104166666667
90 37 35,0.244791666667
80 3B 34
80 37 35,0.239583333333
90 3B 38,0.0104166666667
80 3B 38,0.244791666667
90 37 3A,0.0104166666667
80 37 3A,0.239583333333
90 3B 39,0.0104166666667
80 3B 39,0.239583333333
90 37 3E,0.0104166666667
80 37 3E,0.239583333333
90 3B 3A,0.0104166666667
80 3B 3A,0.244791666667
90 37 3C,0.00520833333333
80 37 3C,0.244791666667
90 3B 3B,0.00520833333333
80 3B 3B,0.239583333333
90 37 35,0.00520833333333
80 37 35,0.244791666667
90 3B 37,0.00520833333333
80 3B 37,0.239583333333
90 37 37,0.015625
80 37 37,0.244791666667
90 3B 32,0.00520833333333
90 34 50,0.244791666667
90 37 30
80 3B 32
FF 51 03 07 A1 20,0.00520833333333
90 28 4F
80 34 4F,0.0729166666667
FF 51 03 07 B1 89,0.0520833333333
80 37 30,0.1155460625
90 3B 35,0.00525209375
FF 51 03 07 B1 89,0.00525209375
FF 51 03 07 B1 89,0.12605025
80 3B 35,0.1155460625
90 37 35,0.00525209375
FF 51 03 07 B1 89,0.00525209375
FF 51 03 07 C2 3A,0.12605025
80 37 35,0.116525291667
FF 51 03 07 C2 3A,0.0105932083333
90 3B 36
FF 51 03 07 C2 3A,0.1271185
90 37 36,0.121821895833
80 3B 36
FF 51 03 07 C2 3A,0.00529660416667
FF 51 03 07 D3 34,0.1271185
80 37 36,0.112179375
FF 51 03 07 D3 34,0.016025625
90 3B 36
FF 51 03 07 D3 34,0.128205
80 3B 36,0.11752125
FF 51 03 07 D3 34,0.01068375
90 37 3A
FF 51 03 07 E4 79,0.128205
80 37 3A,0.118534395833
FF 51 03 07 E4 79,0.0107758541667
90 3B 3B
FF 51 03 07 E4 79,0.12931025
80 3B 3B,0.118534395833
90 37 3E,0.00538792708333
FF 51 03 07 E4 79,0.00538792708333
FF 51 03 07 F6 0B,0.12931025
80 37 3E,0.11413040625
90 3B 39,0.0108695625
FF 51 03 07 F6 0B,0.00543478125
FF 51 03 07 F6 0B,0.13043475
80 3B 39,0.1195651875
90 37 39,0.00543478125
FF 51 03 07 F6 0B,0.00543478125
FF 51 03 08 07 EB,0.13043475
80 37 39,0.120613854167
90 3B 35,0.00548244791667
FF 51 03 08 07 EB,0.00548244791667
FF 51 03 08 07 EB,0.13157875
80 3B 35,0.120613854167
90 37 34,0.00548244791667
FF 51 03 08 07 EB,0.00548244791667
FF 51 03 08 1A 1D,0.13157875
80 37 34,0.1216813125
FF 51 03 08 1A 1D,0.0110619375
90 3B 32
FF 51 03 08 1A 1D,0.13274325
90 37 2F,0.12721228125
80 3B 32
FF 51 03 08 1A 1D,0.00553096875
FF 51 03 08 2C A2,0.13274325
80 37 2F,0.122767791667
90 3B 2D,0.00558035416667
FF 51 03 08 2C A2,0.00558035416667
80 3B 2D,0.256696291667
90 37 45,0.00558035416667
90 34 51
FF 51 03 08 2C A2,0.00558035416667
FF 51 03 07 A1 20
80 28 4F,0.03125
80 34 50,0.0364583333333
80 37 45,0.171875
90 3B 46,0.0104166666667
80 3B 46,0.239583333333
90 37 4D,0.0104166666667
80 37 4D,0.244791666667
90 3B 4D,0.00520833333333
80 3B 4D,0.244791666667
90 56 6D,0.00520833333333
90 4A 6C
90 37 51
80 37 51,0.244791666667
90 3B 54,0.00520833333333
80 3B 54,0.239583333333
90 47 70,0.00520833333333
80 56 6D
90 37 53
90 53 6C,0.00520833333333
80 4A 6C
80 37 53,0.239583333333
90 3B 55,0.0104166666667
80 34 51,0.239583333333
90 37 48,0.00520833333333
80 3B 55
90 32 5C
80 37 48,0.244791666667
90 3B 47,0.00520833333333
80 3B 47,0.239583333333
80 47 70,0.0104166666667
90 37 4A,0.00520833333333
80 53 6C,0.0104166666667
80 37 4A,0.229166666667
90 3B 4F,0.0104166666667
90 4A 70,0.244791666667
80 3B 4F
90 56 6F,0.00520833333333
90 37 4E
80 37 4E,0.239583333333
90 3B 53,0.00520833333333
80 4A 70,0.234375
80 3B 53,0.00520833333333
80 56 6F,0.00520833333333
90 37 57,0.00520833333333
90 53 6C,0.00520833333333
90 47 69
80 37 57,0.239583333333
90 3B 59,0.0104166666667
80 32 5C,0.21875
80 3B 59,0.0208333333333
90 37 50,0.00520833333333
90 30 52
80 37 50,0.244791666667
90 3B 50,0.0104166666667
80 53 6C,0.234375
90 37 4B,0.0104166666667
80 3B 50
80 47 69,0.015625
80 37 4B,0.223958333333
90 3B 4B,0.015625
80 3B 4B,0.239583333333
90 56 60,0.0104166666667
90 4A 5F
90 37 46
80 37 46,0.239583333333
90 3B 43,0.00520833333333
80 56 60,0.244791666667
80 3B 43
90 53 58,0.00520833333333
90 47 5B
80 4A 5F,0.00520833333333
90 37 40
80 37 40,0.239583333333
90 3B 3F,0.0104166666667
80 30 52,0.21875
80 3B 3F,0.0208333333333
90 33 47,0.00520833333333
90 37 28,0.00520833333333
80 37 28,0.244791666667
90 3A 28,0.00520833333333
80 53 58,0.229166666667
80 47 5B
80 3A 28,0.0104166666667
90 37 2F,0.0104166666667
90 3A 31,0.244791666667
80 37 2F
80 3A 31,0.244791666667
90 52 4F,0.00520833333333
90 46 52
90 37 30
80 37 30,0.244791666667
90 3A 34,0.00520833333333
80 46 52,0.234375
80 3A 34,0.0104166666667
90 4F 51,0.00520833333333
80 52 4F
90 43 51,0.00520833333333
90 37 38
90 3A 3B,0.244791666667
80 37 38
80 3A 3B,0.239583333333
80 33 47,0.00520833333333
90 37 33,0.0104166666667
90 34 52
90 3B 32,0.244791666667
80 37 33
80 43 51,0.229166666667
80 4F 51,0.015625
80 3B 32
90 37 34,0.0104166666667
80 37 34,0.239583333333
90 3B 36,0.0104166666667
80 3B 36,0.239583333333
90 37 35,0.0104166666667
80 37 35,0.244791666667
90 3B 3A,0.00520833333333
90 37 37,0.244791666667
80 3B 3A
80 37 37,0.244791666667
90 3B 3A,0.00520833333333
80 3B 3A,0.244791666667
90 37 3B,0.0104166666667
80 37 3B,0.244791666667
90 3B 3C,0.00520833333333
80 3B 3C,0.244791666667
90 37 3B,0.00520833333333
80 37 3B,0.244791666667
90 3B 38,0.00520833333333
90 37 38,0.244791666667
80 3B 38
80 37 38,0.239583333333
90 3B 35,0.0104166666667
80 3B 35,0.244791666667
90 37 33,0.0104166666667
90 3B 36,0.244791666667
80 37 33
80 3B 36,0.239583333333
90 28 52,0.0104166666667
90 37 31
FF 51 03 07 A1 20,0.00520833333333
90 34 52
80 34 52,0.0729166666667
FF 51 03 07 B1 89,0.0520833333333
80 37 31,0.11029396875
90 3B 31,0.0105041875
FF 51 03 07 B1 89,0.00525209375
FF 51 03 07 B1 89,0.12605025
80 3B 31,0.1155460625
90 37 34,0.00525209375
FF 51 03 07 B1 89,0.00525209375
FF 51 03 07 C2 3A,0.12605025
80 37 34,0.116525291667
FF 51 03 07 C2 3A,0.0105932083333
90 3B 33
FF 51 03 07 C2 3A,0.1271185
90 37 36,0.121821895833
80 3B 33
FF 51 03 07 C2 3A,0.00529660416667
FF 51 03 07 D3 34,0.1271185
80 37 36,0.11752125
FF 51 03 07 D3 34,0.01068375
90 3B 36
FF 51 03 07 D3 34,0.128205
80 3B 36,0.11752125
90 37 38,0.005341875
FF 51 03 07 D3 34,0.005341875
FF 51 03 07 E4 79,0.128205
80 37 38,0.11314646875
FF 51 03 07 E4 79,0.01616378125
90 3B 39
FF 51 03 07 E4 79,0.12931025
80 3B 39,0.118534395833
90 37 3A,0.00538792708333
FF 51 03 07 E4 79,0.00538792708333
FF 51 03 07 F6 0B,0.12931025
80 37 3A,0.1195651875
FF 51 03 07 F6 0B,0.0108695625
90 3B 3D
FF 51 03 07 F6 0B,0.13043475
90 37 37,0.12499996875
80 3B 3D
FF 51 03 07 F6 0B,0.00543478125
FF 51 03 08 07 EB,0.13043475
80 37 37,0.120613854167
90 3B 39,0.00548244791667
FF 51 03 08 07 EB,0.00548244791667
FF 51 03 08 07 EB,0.13157875
80 3B 39,0.120613854167
FF 51 03 08 07 EB,0.0109648958333
90 37 35
FF 51 03 08 1A 1D,0.13157875
90 3B 32,0.12721228125
80 37 35
FF 51 03 08 1A 1D,0.00553096875
FF 51 03 08 1A 1D,0.13274325
80 3B 32,0.1216813125
90 37 2F,0.00553096875
FF 51 03 08 1A 1D,0.00553096875
FF 51 03 08 2C A2,0.13274325
80 37 2F,0.122767791667
90 3B 2F,0.00558035416667
FF 51 03 08 2C A2,0.00558035416667
80 28 52,0.256696291667
80 3B 2F
90 34 4E,0.00558035416667
FF 51 03 08 2C A2,0.00558035416667
FF 51 03 07 A1 20
90 37 44
80 34 52,0.0729166666667
90 3B 47,0.171875
80 37 44
80 3B 47,0.244791666667
90 37 4D,0.00520833333333
80 37 4D,0.239583333333
90 3B 4B,0.015625
90 56 70,0.244791666667
80 3B 4B
90 4A 6D,0.00520833333333
90 37 4E
80 37 4E,0.239583333333
90 3B 50,0.00520833333333
80 3B 50,0.239583333333
80 56 70,0.00520833333333
90 53 6D,0.00520833333333
80 4A 6D
90 37 54
90 47 6E,0.00520833333333
80 37 54,0.239583333333
90 3B 57,0.00520833333333
80 3B 57,0.244791666667
90 37 46,0.00520833333333
90 32 5C
80 34 4E,0.0104166666667
80 37 46,0.234375
90 3B 4A,0.00520833333333
80 47 6E,0.229166666667
80 3B 4A,0.0104166666667
80 53 6D,0.0104166666667
90 37 4D,0.00520833333333
90 3B 4F,0.244791666667
80 37 4D
80 3B 4F,0.244791666667
90 4A 6C,0.00520833333333
90 56 6F,0.00520833333333
90 37 52
80 37 52,0.244791666667
90 3B 50,0.00520833333333
80 56 6F,0.234375
80 4A 6C,0.00520833333333
80 3B 50
90 53 69,0.00520833333333
90 37 56
90 47 68,0.00520833333333
80 37 56,0.234375
90 3B 55,0.0104166666667
80 32 5C,0.223958333333
80 3B 55,0.0208333333333
90 37 51,0.0104166666667
90 30 50
80 37 51,0.239583333333
90 3B 4C,0.00520833333333
80 53 69,0.234375
80 3B 4C,0.0104166666667
90 37 4C,0.00520833333333
80 47 68,0.00520833333333
80 37 4C,0.239583333333
90 3B 48,0.00520833333333
80 3B 48,0.244791666667
90 56 5C,0.00520833333333
90 37 47
90 4A 5E,0.00520833333333
80 37 47,0.239583333333
90 3B 43,0.00520833333333
80 56 5C,0.244791666667
80 4A 5E
80 3B 43
90 47 58,0.00520833333333
90 53 5C,0.00520833333333
90 37 40
80 37 40,0.239583333333
90 3B 3F,0.0104166666667
80 3B 3F,0.244791666667
90 33 47
90 37 2A,0.00520833333333
80 30 50,0.03125
80 37 2A,0.208333333333
90 3A 2B,0.00520833333333
80 47 58,0.223958333333
80 3A 2B,0.0208333333333
90 37 2D,0.00520833333333
80 53 5C,0.015625
80 37 2D,0.223958333333
90 3A 2D,0.0104166666667
80 3A 2D,0.244791666667
90 52 52,0.0104166666667
90 46 51
90 37 31
90 3A 32,0.244791666667
80 37 31
80 52 52,0.239583333333
80 3A 32
90 4F 50,0.0104166666667
90 43 4E
90 37 37
80 46 51,0.00520833333333
80 37 37,0.239583333333
90 3A 38,0.0104166666667
80 33 47,0.239583333333
90 37 34,0.00520833333333
80 3A 38
90 34 4F,0.00520833333333
80 37 34,0.239583333333
90 3B 31,0.0104166666667
80 43 4E,0.21875
80 4F 50,0.0208333333333
90 37 32,0.00520833333333
80 3B 31
80 37 32,0.244791666667
90 3B 37,0.00520833333333
80 3B 37,0.244791666667
90 37 38,0.0104166666667
80 37 38,0.244791666667
90 3B 39,0.00520833333333
80 3B 39,0.239583333333
90 37 3A,0.0104166666667
80 37 3A,0.244791666667
90 3B 3A,0.00520833333333
80 3B 3A,0.239583333333
90 37 3B,0.00520833333333
80 37 3B,0.244791666667
90 3B 3C,0.00520833333333
80 3B 3C,0.244791666667
90 37 39,0.00520833333333
80 37 39,0.239583333333
90 3B 37,0.0104166666667
80 3B 37,0.244791666667
90 37 39,0.00520833333333
80 37 39,0.239583333333
90 3B 38,0.015625
90 37 37,0.244791666667
80 3B 38
80 37 37,0.239583333333
90 3B 32,0.015625
80 34 4F,0.203125
80 3B 32,0.0364583333333
90 28 50,0.00520833333333
90 37 32
FF 51 03 07 A1 20,0.00520833333333
90 34 50
FF 51 03 07 B1 89,0.125
80 37 32,0.1155460625
FF 51 03 07 B1 89,0.0105041875
90 3B 31
FF 51 03 07 B1 89,0.12605025
90 37 32,0.12079815625
80 3B 31
FF 51 03 07 B1 89,0.00525209375
FF 51 03 07 C2 3A,0.12605025
80 37 32,0.116525291667
90 3B 35,0.00529660416667
FF 51 03 07 C2 3A,0.00529660416667
FF 51 03 07 C2 3A,0.1271185
80 3B 35,0.116525291667
FF 51 03 07 C2 3A,0.0105932083333
90 37 38
FF 51 03 07 D3 34,0.1271185
90 3B 37,0.122863125
80 37 38
FF 51 03 07 D3 34,0.005341875
FF 51 03 07 D3 34,0.128205
80 3B 37,0.11752125
FF 51 03 07 D3 34,0.01068375
90 37 37
FF 51 03 07 E4 79,0.128205
80 37 37,0.118534395833
FF 51 03 07 E4 79,0.0107758541667
90 3B 38
FF 51 03 07 E4 79,0.12931025
80 3B 38,0.118534395833
FF 51 03 07 E4 79,0.0107758541667
90 37 3E
FF 51 03 07 F6 0B,0.12931025
90 3B 3D,0.12499996875
80 37 3E
FF 51 03 07 F6 0B,0.00543478125
FF 51 03 07 F6 0B,0.13043475
80 3B 3D,0.11413040625
90 37 37,0.0108695625
FF 51 03 07 F6 0B,0.00543478125
FF 51 03 08 07 EB,0.13043475
80 37 37,0.11513140625
FF 51 03 08 07 EB,0.01644734375
90 3B 37
FF 51 03 08 07 EB,0.13157875
80 3B 37,0.120613854167
FF 51 03 08 07 EB,0.0109648958333
90 37 37
FF 51 03 08 1A 1D,0.13157875
90 3B 35,0.12721228125
80 37 37
FF 51 03 08 1A 1D,0.00553096875
FF 51 03 08 1A 1D,0.13274325
80 3B 35,0.1216813125
FF 51 03 08 1A 1D,0.0110619375
90 37 32
FF 51 03 08 2C A2,0.13274325
80 37 32,0.128348145833
FF 51 03 08 2C A2,0.00558035416667
90 3B 2E
80 3B 2E,0.256696291667
90 47 58,0.00558035416667
90 43 58
90 40 5A
90 3B 58
90 37 59
FF 51 03 08 2C A2,0.00558035416667
FF 51 03 08 2C A2
90 34 58
80 28 50,0.0279017708333
80 34 50,0.0502231875
80 40 5A,0.435267625
80 3B 58,0.00558035416667
90 40 5C,0.0111607083333
80 47 58
80 43 58
80 37 59
80 34 58
90 47 5C,0.00558035416667
90 43 5C
90 3B 59
90 37 5C
90 34 5A
80 37 5C,1.58482058333
80 43 5C,0.0111607083333
90 43 5B,0.00558035416667
90 3E 59
80 47 5C
80 3B 59
90 47 58,0.00558035416667
80 40 5C
90 3B 59
90 37 59
90 32 58
80 34 5A,0.00558035416667
80 3B 59,0.513392583333
80 43 5B,0.00558035416667
80 3E 59
80 47 58
80 37 59
90 47 5A,0.00558035416667
90 43 5A
90 3B 5B
90 37 58
80 32 58
90 3E 58,0.00558035416667
90 32 59
80 3E 58,1.58482058333
80 47 5A,0.0111607083333
80 3B 5B
80 37 58
90 47 5A,0.00558035416667
80 43 5A
90 3B 58
90 37 5A
90 30 5C
FF 51 03 08 2C A2,0.00558035416667
90 43 5A
90 3C 5C
80 32 59,0.00558035416667
FF 51 03 08 3F 7C,0.128348145833
FF 51 03 08 3F 7C,0.135135
FF 51 03 08 3F 7C,0.135135
80 3B 58,0.118243125
80 47 5A,0.005630625
80 43 5A
80 37 5A
80 30 5C
90 47 5A,0.005630625
90 43 59
80 3C 5C
90 30 59
FF 51 03 08 3F 7C,0.005630625
90 3C 58
90 3B 58
90 37 5C
FF 51 03 08 3F 7C,0.135135
FF 51 03 08 52 AE,0.135135
FF 51 03 08 52 AE,0.1363635
FF 51 03 08 52 AE,0.1363635
FF 51 03 08 52 AE,0.1363635
FF 51 03 08 52 AE,0.1363635
FF 51 03 08 66 3A,0.1363635
FF 51 03 08 66 3A,0.1376145
FF 51 03 08 66 3A,0.1376145
FF 51 03 08 66 3A,0.1376145
FF 51 03 08 66 3A,0.1376145
80 47 5A,0.091743
80 37 5C,0.0057339375
80 3B 58,0.0172018125
80 30 59,0.011467875
90 46 5B,0.0057339375
90 40 58
80 3C 58
90 3A 59
90 34 5C
90 30 5C
FF 51 03 08 7A 23,0.0057339375
90 3C 5A
80 43 59
FF 51 03 08 7A 23,0.13888875
FF 51 03 08 7A 23,0.13888875
80 30 5C,0.254629375
80 34 5C,0.00578703125
80 46 5B,0.00578703125
80 40 58
80 3A 59
90 46 54,0.00578703125
80 3C 5A
90 30 54
FF 51 03 08 7A 23,0.00578703125
90 40 57
90 3C 56
90 3A 55
90 34 57
80 3C 56,1.643516875
80 3A 55
80 46 54,0.0115740625
80 30 54
90 46 4C,0.00578703125
90 30 4A
80 34 57
90 42 4C,0.00578703125
90 3C 4B
90 3A 49
90 36 49
80 40 57,0.00578703125
80 3C 4B,0.53819390625
80 3A 49
80 36 49
90 3C 48,0.00578703125
80 46 4C
80 42 4C
90 3A 44
90 36 45
80 30 4A
90 46 48,0.00578703125
90 42 44
90 30 47
80 42 44,3.25809859375
80 3A 44,0.06365734375
80 46 48,0.00578703125
80 30 47
80 3C 48,0.023148125
80 36 45,0.0347221875
90 47 50,0.4976846875
90 43 4E
90 3B 4F
90 37 52
90 40 50,0.00578703125
90 34 4F
80 37 52,0.53819390625
80 47 50,0.00578703125
80 43 4E
80 3B 4F
90 43 4F,0.00578703125
80 40 50
90 3B 4F
90 37 52
80 34 4F
90 47 51,0.00578703125
90 40 4F
90 34 4F
80 47 51,1.62615578125
80 40 4F
80 43 4F,0.02893515625
80 37 52
90 47 51,0.00578703125
90 37 50
80 3B 4F
90 43 4E,0.00578703125
90 3E 51
90 3B 4E
90 32 50
80 34 4F,0.023148125
80 3B 4E,0.51504578125
80 47 51,0.00578703125
80 37 50
80 32 50
80 43 4E,0.00578703125
80 3E 51
90 3B 50
90 37 51
90 32 51
90 47 52,0.00578703125
90 43 50
90 3E 52
80 3B 50,1.62036875
80 47 52,0.00578703125
80 43 50,0.02893515625
90 43 50,0.00578703125
90 3B 50
90 30 4F
80 37 51
FF 51 03 08 7A 23,0.00578703125
90 47 50
90 3C 4F
90 37 50
80 32 51
80 3E 52,0.023148125
FF 51 03 08 7A 23,0.115740625
FF 51 03 08 7A 23,0.13888875
FF 51 03 08 7A 23,0.13888875
80 3B 50,0.12152765625
80 43 50,0.00578703125
80 47 50
80 3C 4F
80 30 4F
90 47 50,0.00578703125
90 43 4E
90 3C 50
90 3B 51
80 37 50
FF 51 03 08 7A 23,0.00578703125
90 37 52
90 30 51
FF 51 03 08 7A 23,0.13888875
FF 51 03 08 7A 23,0.13888875
FF 51 03 08 7A 23,0.13888875
FF 51 03 08 7A 23,0.13888875
FF 51 03 08 7A 23,0.13888875
FF 51 03 08 7A 23,0.13888875
FF 51 03 08 7A 23,0.13888875
FF 51 03 08 7A 23,0.13888875
FF 51 03 08 7A 23,0.13888875
FF 51 03 08 7A 23,0.13888875
FF 51 03 08 7A 23,0.13888875
80 3B 51,0.0925925
80 43 4E,0.01736109375
80 3C 50
80 47 50,0.01736109375
80 30 51
90 46 51,0.00578703125
90 40 4E
90 3C 51
90 34 50
90 30 4F
80 37 52
FF 51 03 08 7A 23,0.00578703125
90 3A 4E
FF 51 03 08 7A 23,0.13888875
FF 51 03 08 7A 23,0.13888875
80 30 4F,0.254629375
80 46 51,0.0115740625
80 40 4E
80 3C 51
80 3A 4E
90 40 4C,0.00578703125
90 3A 4D
90 30 4A
80 34 50
FF 51 03 08 7A 23,0.00578703125
90 46 4A
90 3C 4A
90 34 4D
80 3A 4D,1.62036875
80 46 4A,0.00578703125
80 40 4C,0.02893515625
80 30 4A
80 3C 4A,0.00578703125
90 3A 41
90 30 40
80 34 4D
90 46 41,0.00578703125
90 42 41
90 3C 41
90 36 41
80 3A 41,0.532406875
80 46 41,0.0115740625
80 42 41
80 3C 41
80 30 40
80 36 41
90 46 3D,0.00578703125
90 42 3C
90 3C 3C
90 36 3A
90 30 3C
90 3A 3D,0.00578703125
80 42 3C,3.28703375
80 36 3A
80 46 3D,0.0347221875
80 3C 3C,0.02893515625
80 3A 3D,0.00578703125
80 30 3C,0.02893515625
90 43 46,0.4976846875
90 40 44
90 3B 47
90 34 46
90 47 46,0.00578703125
90 37 44
80 43 46,0.532406875
80 34 46
80 40 44,0.00578703125
80 37 44
80 3B 47,0.00578703125
90 40 46,0.00578703125
80 47 46
90 3B 45
90 47 48,0.00578703125
90 43 44
90 37 47
90 34 44
80 3B 45,1.62036875
80 40 46,0.01736109375
80 43 44,0.01736109375
90 43 45,0.00578703125
90 3E 46
80 47 48
80 37 47
90 47 44,0.00578703125
90 3B 44
90 37 44
90 32 48
80 34 44,0.00578703125
80 3E 46,0.52661984375
80 3B 44,0.00578703125
80 32 48
80 47 44,0.00578703125
80 37 44
80 43 45,0.00578703125
90 3B 45
90 37 47
90 47 44,0.00578703125
90 43 48
90 3E 47
90 32 44
80 3B 45,1.63772984375
80 3E 47,0.00578703125
80 47 44,0.0115740625
80 37 47
90 47 48,0.00578703125
80 43 48
90 37 47
80 32 44
FF 51 03 08 7A 23,0.00578703125
90 43 45
90 3C 48
90 3B 44
90 30 44
FF 51 03 08 7A 23,0.13888875
FF 51 03 08 7A 23,0.13888875
FF 51 03 08 7A 23,0.13888875
80 37 47,0.115740625
80 43 45,0.00578703125
80 30 44
80 47 48,0.00578703125
80 3B 44
90 43 45,0.00578703125
80 3C 48
90 3B 48
90 37 46
FF 51 03 08 7A 23,0.00578703125
90 47 47
90 3C 48
90 30 45
FF 51 03 08 7A 23,0.13888875
FF 51 03 08 7A 23,0.13888875
FF 51 03 08 7A 23,0.13888875
FF 51 03 08 7A 23,0.13888875
FF 51 03 08 7A 23,0.13888875
FF 51 03 08 7A 23,0.13888875
FF 51 03 08 7A 23,0.13888875
FF 51 03 08 7A 23,0.13888875
FF 51 03 08 7A 23,0.13888875
FF 51 03 08 7A 23,0.13888875
FF 51 03 08 7A 23,0.13888875
80 37 46,0.0925925
80 3C 48,0.00578703125
80 43 45,0.0115740625
80 3B 48,0.01736109375
90 40 44,0.00578703125
90 3A 46
80 30 45
FF 51 03 08 7A 23,0.00578703125
90 46 48
90 3C 46
90 34 47
90 30 47
80 47 47,0.00578703125
FF 51 03 08 7A 23,0.13310171875
FF 51 03 08 7A 23,0.13888875
80 34 47,0.26041640625
80 30 47
80 40 44,0.00578703125
80 3C 46
80 3A 46
90 3C 43,0.00578703125
80 46 48
90 3A 41
90 30 43
FF 51 03 08 7A 23,0.00578703125
90 46 42
90 40 40
90 34 42
80 3C 43,1.62036875
80 3A 41
80 30 43
80 46 42,0.00578703125
80 40 40
90 3C 37,0.0347221875
90 3A 35
90 36 34
90 30 38
80 34 42
90 46 35,0.00578703125
90 42 35
80 3A 35,0.532406875
80 3C 37,0.00578703125
80 30 38
80 46 35,0.00578703125
90 3C 32,0.00578703125
80 42 35
80 36 34
90 46 31,0.00578703125
90 42 31
90 3A 31
90 36 34
90 30 30
80 42 31,3.25809859375
80 36 34,0.0347221875
80 46 31,0.0347221875
80 3C 32,0.023148125
80 3A 31,0.00578703125
80 30 30
90 37 32,0.52661984375
90 34 51
FF 51 03 09 89 68,0.00578703125
FF 51 03 09 89 68
FF 51 03 09 70 3C,0.15625
80 37 32,0.141752416667
FF 51 03 09 57 94,0.0128865833333
90 3B 33
FF 51 03 09 27 C0,0.153061
90 37 35,0.14375
80 3B 33
FF 51 03 09 10 8B,0.00625
80 37 35,0.284653270833
90 3B 37,0.00618811458333
FF 51 03 08 CD 9B,0.00618811458333
80 3B 37,0.276442270833
90 37 37,0.00600961458333
80 37 37,0.282451885417
90 3B 38,0.0120192291667
80 3B 38,0.276442270833
90 37 3B,0.00600961458333
80 37 3B,0.276442270833
90 3B 39,0.01802884375
80 3B 39,0.282451885417
90 37 3B,0.00600961458333
90 3B 3A,0.282451885417
80 37 3B
80 3B 3A,0.282451885417
90 37 3C,0.00600961458333
80 37 3C,0.276442270833
90 3B 3B,0.0120192291667
80 3B 3B,0.282451885417
90 37 35,0.0120192291667
80 37 35,0.282451885417
90 3B 37,0.00600961458333
90 37 35,0.282451885417
80 3B 37
80 37 35,0.276442270833
90 3B 32,0.01802884375
90 34 48,0.282451885417
80 3B 32
FF 51 03 08 CD 9B,0.00600961458333
90 28 47
90 37 32
80 34 51,0.0781249895833
FF 51 03 08 E3 7C,0.0661057604167
80 37 32,0.133495083333
FF 51 03 08 E3 7C,0.0121359166667
90 3B 31
FF 51 03 08 E3 7C,0.145631
80 3B 31,0.139563041667
FF 51 03 08 E3 7C,0.00606795833333
90 37 34
FF 51 03 08 F9 CB,0.145631
80 37 34,0.140931302083
FF 51 03 08 F9 CB,0.00612744791667
90 3B 33
FF 51 03 08 F9 CB,0.14705875
80 3B 33,0.134803854167
90 37 36,0.00612744791667
FF 51 03 08 F9 CB,0.00612744791667
FF 51 03 09 10 8B,0.14705875
80 37 36,0.136138520833
90 3B 38,0.00618811458333
FF 51 03 09 10 8B,0.00618811458333
FF 51 03 09 10 8B,0.14851475
80 3B 38,0.12995040625
90 37 38,0.0123762291667
FF 51 03 09 10 8B,0.00618811458333
FF 51 03 09 27 C0,0.14851475
80 37 38,0.1375
FF 51 03 09 27 C0,0.0125
90 3B 39
FF 51 03 09 27 C0,0.15
80 3B 39,0.14375
FF 51 03 09 27 C0,0.00625
90 37 3B
FF 51 03 09 3F 6C,0.15
80 37 3B,0.13888875
90 3B 3B,0.006313125
FF 51 03 09 3F 6C,0.006313125
FF 51 03 09 3F 6C,0.151515
80 3B 3B,0.132575625
90 37 3B,0.01262625
FF 51 03 09 3F 6C,0.006313125
FF 51 03 09 57 94,0.151515
80 37 3B,0.133928375
FF 51 03 09 57 94,0.019132625
90 3B 38
FF 51 03 09 57 94,0.153061
80 3B 38,0.146683458333
FF 51 03 09 57 94,0.00637754166667
90 37 37
FF 51 03 09 70 3C,0.153061
80 37 37,0.141752416667
90 3B 33,0.00644329166667
FF 51 03 09 70 3C,0.00644329166667
FF 51 03 09 70 3C,0.154639
80 3B 33,0.141752416667
90 37 2F,0.00644329166667
FF 51 03 09 70 3C,0.00644329166667
FF 51 03 09 89 68,0.154639
80 37 2F,0.143229166667
FF 51 03 09 89 68,0.0130208333333
90 3B 31
80 28 47,0.201822916667
80 34 48,0.0455729166667
80 3B 31,0.05859375
FF 51 03 09 89 68,0.00651041666667
FF 51 03 09 D8 29
FF 51 03 09 D8 29
90 37 2A
90 34 47
FF 51 03 09 BD 59,0.16129025
90 3B 28,0.152925322917
80 37 2A
FF 51 03 09 A3 1A,0.00664892708333
FF 51 03 09 70 3C,0.1578945
80 3B 28,0.141752416667
FF 51 03 09 57 94,0.0128865833333
90 37 28
90 3B 2B,0.299744458333
80 37 28
FF 51 03 09 10 8B,0.00637754166667
80 3B 2B,0.27846515625
90 37 2E,0.0123762291667
80 37 2E,0.284653270833
90 3B 2D,0.0123762291667
80 3B 2D,0.284653270833
90 37 2F,0.0123762291667
80 37 2F,0.290841385417
90 3B 2F,0.00618811458333
80 3B 2F,0.290841385417
90 37 32,0.0123762291667
80 37 32,0.284653270833
90 3B 2F,0.0123762291667
80 3B 2F,0.284653270833
90 37 31,0.0123762291667
80 37 31,0.284653270833
90 3B 2D,0.0123762291667
80 3B 2D,0.284653270833
90 37 2E,0.00618811458333
80 37 2E,0.290841385417
90 3B 2D,0.0123762291667
80 3B 2D,0.290841385417
90 37 29,0.00618811458333
80 37 29,0.284653270833
90 3B 2C,0.00618811458333
80 3B 2C,0.290841385417
90 34 3B,0.00618811458333
90 28 3B
90 37 26
FF 51 03 09 10 8B,0.00618811458333
80 34 47,0.0371286875
FF 51 03 09 27 C0,0.1113860625
80 37 26,0.1375
FF 51 03 09 27 C0,0.0125
90 3B 29
FF 51 03 09 27 C0,0.15
80 3B 29,0.14375
FF 51 03 09 27 C0,0.00625
90 37 2B
FF 51 03 09 3F 6C,0.15
90 3B 2B,0.145201875
80 37 2B
FF 51 03 09 3F 6C,0.006313125
FF 51 03 09 3F 6C,0.151515
80 3B 2B,0.132575625
90 37 2D,0.01262625
FF 51 03 09 3F 6C,0.006313125
FF 51 03 09 57 94,0.151515
80 37 2D,0.140305916667
90 3B 2D,0.00637754166667
FF 51 03 09 57 94,0.00637754166667
FF 51 03 09 57 94,0.153061
80 3B 2D,0.140305916667
FF 51 03 09 57 94,0.0127550833333
90 37 2F
FF 51 03 09 70 3C,0.153061
80 37 2F,0.148195708333
FF 51 03 09 70 3C,0.00644329166667
90 3B 2E
FF 51 03 09 70 3C,0.154639
90 37 32,0.148195708333
80 3B 2E
FF 51 03 09 70 3C,0.00644329166667
FF 51 03 09 89 68,0.154639
80 37 32,0.143229166667
90 3B 30,0.00651041666667
FF 51 03 09 89 68,0.00651041666667
FF 51 03 09 89 68,0.15625
80 3B 30,0.13671875
FF 51 03 09 89 68,0.01953125
90 37 2D
FF 51 03 09 A3 1A,0.15625
80 37 2D,0.144736625
90 3B 2D,0.0065789375
FF 51 03 09 A3 1A,0.0065789375
FF 51 03 09 A3 1A,0.1578945
80 3B 2D,0.144736625
90 37 2D,0.0065789375
FF 51 03 09 A3 1A,0.0065789375
FF 51 03 09 BD 59,0.1578945
80 37 2D,0.146276395833
90 3B 2B,0.00664892708333
FF 51 03 09 BD 59,0.00664892708333
FF 51 03 09 BD 59,0.15957425
80 3B 2B,0.146276395833
90 37 25,0.00664892708333
FF 51 03 09 BD 59,0.00664892708333
FF 51 03 09 D8 29,0.15957425
80 37 25,0.147849395833
90 3B 27,0.00672042708333
FF 51 03 09 D8 29,0.00672042708333
80 28 3B,0.255376229167
80 3B 27,0.0470429895833
90 37 1C,0.0134408541667
90 34 32
FF 51 03 09 D8 29,0.00672042708333
FF 51 03 0A 2C 2A
FF 51 03 0A 2C 2A
80 34 3B,0.0347221875
FF 51 03 0A 0F 8C,0.1319443125
80 37 1C,0.144230625
90 3B 1D,0.01373625
FF 51 03 09 F3 8D,0.006868125
FF 51 03 09 BD 59,0.16304325
80 3B 1D,0.146276395833
FF 51 03 09 A3 1A,0.0132978541667
90 37 22
80 37 22,0.3092100625
FF 51 03 09 57 94,0.0065789375
FF 51 03 09 57 94
90 3B 1F
80 3B 1F,0.299744458333
90 37 21,0.00637754166667
80 37 21,0.299744458333
90 3B 24,0.00637754166667
80 3B 24,0.299744458333
90 37 25,0.00637754166667
80 37 25,0.299744458333
90 3B 24,0.00637754166667
80 3B 24,0.293366916667
90 37 2A,0.0127550833333
80 37 2A,0.293366916667
90 3B 27,0.0127550833333
90 37 26,0.299744458333
80 3B 27
80 37 26,0.299744458333
90 3B 25,0.00637754166667
80 3B 25,0.293366916667
90 37 21,0.019132625
80 37 21,0.293366916667
90 3B 22,0.0127550833333
80 3B 22,0.293366916667
90 37 23,0.00637754166667
80 37 23,0.299744458333
90 3B 1E,0.00637754166667
80 3B 1E,0.299744458333
90 28 33,0.00637754166667
FF 51 03 09 57 94,0.00637754166667
90 34 33
90 37 1C
80 34 32,0.0318877083333
FF 51 03 09 89 68,0.121173291667
90 3B 1D,0.149739583333
80 37 1C
FF 51 03 09 A3 1A,0.00651041666667
FF 51 03 09 BD 59,0.1578945
80 3B 1D,0.146276395833
FF 51 03 09 D8 29,0.0132978541667
90 37 20
FF 51 03 09 F3 8D,0.16129025
80 37 20,0.1494563125
90 3B 22,0.00679346875
FF 51 03 0A 0F 8C,0.00679346875
FF 51 03 0A 2C 2A,0.164835
80 3B 22,0.1458331875
90 37 21,0.013888875
FF 51 03 0A 49 6D,0.0069444375
FF 51 03 0A 67 5A,0.16853925
80 37 21,0.156249958333
FF 51 03 0A 85 F7,0.0142045416667
90 3B 26
FF 51 03 0A A5 4A,0.17241375
80 3B 26,0.1671510625
FF 51 03 0A C5 5A,0.0072674375
90 37 27
FF 51 03 0A E6 2D,0.1764705
80 37 27,0.17113078125
FF 51 03 0B 07 CB,0.00744046875
90 3B 25
FF 51 03 0B 2A 3B,0.18072275
80 3B 25,0.167682854167
90 37 26,0.00762194791667
FF 51 03 0B 71 B0,0.00762194791667
FF 51 03 0B 96 C5,0.1875
80 37 26,0.174050479167
FF 51 03 0B BC CE,0.0158227708333
90 3B 27
FF 51 03 0B E3 D4,0.1923075
80 3B 27,0.186688125
FF 51 03 0C 0B E1,0.008116875
90 37 25
FF 51 03 0C 35 00,0.19736825
90 3B 23,0.191666666667
80 37 25
FF 51 03 0C 5F 3A,0.00833333333333
FF 51 03 0C 8A 9D,0.2027025
80 3B 23,0.188355979167
90 37 23,0.00856163541667
FF 51 03 0C B7 35,0.00856163541667
FF 51 03 0C E5 0E,0.20833325
80 37 23,0.193661875
90 3B 1D,0.0088028125
FF 51 03 0D 14 36,0.0088028125
FF 51 03 0D 44 BD,0.2142855
80 3B 1D,0.19021734375
90 37 1E,0.0181159375
FF 51 03 0D 76 B0,0.00905796875
80 37 1E,0.4136025
FF 51 03 0D DF 22,0.0275735
FF 51 03 39 38 70
90 3B 1C
80 34 33,1.2109375
80 28 33,0.5859375
80 3B 1C,0.0390625
FF 2F 00,0.0390625

